7.972592907455397e-05;8.804108309677616e-05;9.461418279448057e-05;6.846251205670494e-05;9.516958247570307e-05;0.00011136250559570558;8.935631766074667e-05;8.558788324859702e-05;5.452150586274816e-05;8.147179520185417e-05;0.00010892693338069131;7.624373607009648e-05;7.477281442837654e-05;7.867538562160763e-05;5.817648528643951e-05;0.00011517688163229347;5.010502756901664e-05;6.624967823152416e-05;8.058082158404056e-05;7.629765554872363e-05;6.849530379603928e-05;4.854900825740007e-05;7.710057683109452e-05;8.15410958778251e-05;9.338154006306684e-05;5.412428875442155e-05;8.317297260094323e-05;4.6323611472051355e-05;6.629143520986761e-05;9.23233300434329e-05;9.287305485245562e-05;5.457816287692604e-05;
8.804108309677616e-05;0.00013831108730224444;0.00010402554578188477;7.445916480873987e-05;0.00010474209343720464;0.0001265656701904889;9.466165261449685e-05;9.609054862288346e-05;5.6766346198020546e-05;8.695782048836737e-05;0.00012064251674794249;8.154666529285045e-05;7.440243268155146e-05;8.914904470114834e-05;6.474650716477111e-05;0.00012688001908173018;5.183506071980871e-05;7.111608571499354e-05;8.352702457767837e-05;8.291134998726095e-05;7.335614308163747e-05;5.177760817835009e-05;8.61762830061028e-05;8.394060192404327e-05;0.00010861304119145014;5.6776641714576286e-05;9.170629558554337e-05;4.717361554348354e-05;7.30519443454811e-05;0.00010133629443299474;0.00010790004391934546;5.556896479757595e-05;
9.461418279448057e-05;0.00010402554578188477;0.0002047618499624464;8.334403109783116e-05;0.00011286309113198395;0.00012787180322107065;9.658973105322243e-05;9.257641577658744e-05;6.395112801206488e-05;8.773949276010654e-05;0.0001481324691127324;9.380124907863283e-05;7.145263172259904e-05;9.08744386358287e-05;6.736905553320287e-05;0.00015696815885026812;5.4580845563990024e-05;7.415451092296055e-05;9.406866920104196e-05;9.555989038061793e-05;7.864962122682164e-05;5.353609725790411e-05;9.119023533943133e-05;9.221257627205279e-05;0.00011019884988744372;6.645416150518329e-05;0.00012073717653112841;5.188756901811736e-05;7.132136933182592e-05;0.00011266770326010939;0.00011221880038864211;6.420248995606347e-05;
6.846251205670494e-05;7.445916480873987e-05;8.334403109783116e-05;0.00027479420574058497;8.376567024578203e-05;0.00010816896969742369;7.31840827882106e-05;8.650459865129834e-05;4.2210766471118024e-05;6.178144983555239e-05;9.119008596851957e-05;6.957754134947594e-05;7.048293577898037e-05;7.96723611459805e-05;4.270283034543782e-05;9.081218397779561e-05;4.634619768965111e-05;4.6719567630779034e-05;8.012425785279579e-05;7.166812594421199e-05;5.3844197535975866e-05;3.7027380601402394e-05;5.351169572230819e-05;7.760769989608699e-05;7.802058020739995e-05;4.349328942585403e-05;7.788676086244562e-05;3.587187473253021e-05;6.449071284424576e-05;7.426973692840529e-05;7.625458572753999e-05;4.4203531053321675e-05;
9.516958247570307e-05;0.00010474209343720464;0.00011286309113198395;8.376567024578203e-05;0.00020724173585543498;0.00012990157689034127;9.349051646920619e-05;9.937483888460162e-05;6.086597566526041e-05;8.671617874527938e-05;0.00012373875170306915;8.844200242569257e-05;8.052248999808967e-05;9.068956467796603e-05;6.521632754109786e-05;0.00012935258764584667;5.6839256637688e-05;7.367914482926861e-05;8.614067257504608e-05;9.180668564080643e-05;7.445434563658137e-05;5.053039546176755e-05;8.684546867518959e-05;9.436529685788023e-05;0.00012206473394745872;5.615107303849391e-05;9.571934225581804e-05;4.9451965750581696e-05;8.134277485383666e-05;0.00011074070190356618;0.00010936980492904306;5.5782050194264986e-05;
0.00011136250559570558;0.0001265656701904889;0.00012787180322107065;0.00010816896969742369;0.00012990157689034127;0.0002665748525898523;0.0001355525942629982;0.00011863935949506947;6.201538289061821e-05;0.00011939277673725517;0.00015608738712323073;9.548933812210342e-05;9.322530301556956e-05;0.00011168553769410835;6.760060074380243e-05;0.00016110340427689487;6.172275191685395e-05;7.900157441874464e-05;0.00011213700010910793;0.00010246586308145872;8.289444217839584e-05;5.27362883403954e-05;9.938800145789295e-05;0.00010338213861592185;0.00014106889945608532;6.566755252497255e-05;0.00010584504630550755;4.819787448432622e-05;8.212297858529579e-05;0.00011926841390218036;0.0001369393009102892;6.922507121811832e-05;
8.935631766074667e-05;9.466165261449685e-05;9.658973105322243e-05;7.31840827882106e-05;9.349051646920619e-05;0.0001355525942629982;0.00016938641151945563;8.912553619636765e-05;5.898160255409982e-05;0.0001252569595570407;0.00011825355808504004;7.821401133781274e-05;7.458705435224082e-05;8.376483908470602e-05;6.123569427478249e-05;0.00012665894876789756;5.0756713353254376e-05;7.361675971626639e-05;8.537381241237161e-05;7.663390798928038e-05;7.710773897368508e-05;5.279338813176139e-05;8.239676398487179e-05;8.939101527026004e-05;9.85677563264231e-05;5.8404387428613136e-05;8.361554237830463e-05;4.317721502472043e-05;6.80808978782429e-05;9.389929321219667e-05;0.00010828274845718549;5.8009463009899626e-05;
8.558788324859702e-05;9.609054862288346e-05;9.257641577658744e-05;8.650459865129834e-05;9.937483888460162e-05;0.00011863935949506947;8.912553619636765e-05;0.00029256271940526226;5.044482650481261e-05;8.208787864949122e-05;0.0001246183437173429;7.384178046922023e-05;8.47721333130947e-05;0.00010207780983309601;5.794997297090975e-05;0.0001293560601640824;5.0120097772843154e-05;6.805502552974117e-05;0.00010581698129466078;8.181594828645449e-05;6.68024901542036e-05;4.735093786845629e-05;7.948711303606196e-05;8.373461238106694e-05;0.00010052688651568915;4.949476499303925e-05;8.676815995891553e-05;4.5370212154947474e-05;6.069319377207991e-05;9.812013585759643e-05;0.00010101017546702261;5.365796175725081e-05;
5.452150586274816e-05;5.6766346198020546e-05;6.395112801206488e-05;4.2210766471118024e-05;6.086597566526041e-05;6.201538289061821e-05;5.898160255409982e-05;5.044482650481261e-05;8.93907990202625e-05;5.443956458018469e-05;6.324009293321281e-05;5.2237195504297526e-05;4.9690986444448946e-05;5.261565370081732e-05;4.3580884715090386e-05;6.986739766418961e-05;4.184989795050265e-05;4.872857324291317e-05;5.3189116942542504e-05;5.3640332405115424e-05;5.0891642769690336e-05;4.457657285501587e-05;5.6493114635199997e-05;5.458501052282069e-05;6.098046220854898e-05;4.2860089658487536e-05;5.152030640676028e-05;3.797846873639204e-05;4.496767709253372e-05;6.301409486356351e-05;6.198243255988506e-05;4.277275564212048e-05;
8.147179520185417e-05;8.695782048836737e-05;8.773949276010654e-05;6.178144983555239e-05;8.671617874527938e-05;0.00011939277673725517;0.0001252569595570407;8.208787864949122e-05;5.443956458018469e-05;0.00013234252553501582;0.00010904806082128143;7.28568591390171e-05;7.036130835946235e-05;7.888540389913167e-05;5.7834848615552025e-05;0.00011565223314300662;4.758936780068933e-05;6.703990613754569e-05;7.855454007580054e-05;7.043305314882744e-05;7.079598760007114e-05;5.037784274301255e-05;7.619992880655693e-05;8.291299606415959e-05;8.912391207662325e-05;5.395670004011814e-05;7.686110907900196e-05;4.1331943304426386e-05;5.8359524176302984e-05;8.684189916581025e-05;9.819211105236655e-05;5.659361041787178e-05;
0.00010892693338069131;0.00012064251674794249;0.0001481324691127324;9.119008596851957e-05;0.00012373875170306915;0.00015608738712323073;0.00011825355808504004;0.0001246183437173429;6.324009293321281e-05;0.00010904806082128143;0.0002769860859941724;9.98334726884206e-05;9.142102545083915e-05;0.00010660845413398583;7.248778727789092e-05;0.00023295967650600982;5.5473095414774364e-05;8.187585355288356e-05;0.00010961632189500978;9.885616869953296e-05;8.647261688492297e-05;5.703738589402251e-05;0.00011056696004413466;0.0001059865516667918;0.00012378571813272154;6.479622266879719e-05;0.00011603302690151942;5.613191541351137e-05;8.365196435859912e-05;0.00012950222543556584;0.00013913656648734978;7.038389928444966e-05;
7.624373607009648e-05;8.154666529285045e-05;9.380124907863283e-05;6.957754134947594e-05;8.844200242569257e-05;9.548933812210342e-05;7.821401133781274e-05;7.384178046922023e-05;5.2237195504297526e-05;7.28568591390171e-05;9.98334726884206e-05;0.00015948335768188238;6.185692858275576e-05;7.428104485224239e-05;5.51500110983471e-05;0.0001066214586172835;5.008661281115251e-05;6.0317558347719885e-05;7.63363369216169e-05;8.411338237959775e-05;6.743187079868958e-05;4.640819973785898e-05;7.211532520478423e-05;8.196081698169282e-05;8.585855937346277e-05;5.220777335883969e-05;8.098624481160403e-05;5.552310063727593e-05;6.649645629716083e-05;9.082656847260436e-05;8.66113918803156e-05;5.130724543033342e-05;
7.477281442837654e-05;7.440243268155146e-05;7.145263172259904e-05;7.048293577898037e-05;8.052248999808967e-05;9.322530301556956e-05;7.458705435224082e-05;8.47721333130947e-05;4.9690986444448946e-05;7.036130835946235e-05;9.142102545083915e-05;6.185692858275576e-05;0.00014153811687110592;7.869099216110339e-05;4.9007909742466825e-05;9.538377882067069e-05;4.6530717862891916e-05;5.4751416382515914e-05;8.192941046608242e-05;6.332754823759233e-05;5.590494622267769e-05;4.002311296660193e-05;6.346154209673817e-05;7.702834594134608e-05;8.514121023037615e-05;4.628609473334084e-05;7.036942551858424e-05;3.652016384628842e-05;6.036027625529127e-05;7.41612010853844e-05;8.3112629951893e-05;5.103624170154057e-05;
7.867538562160763e-05;8.914904470114834e-05;9.08744386358287e-05;7.96723611459805e-05;9.068956467796603e-05;0.00011168553769410835;8.376483908470602e-05;0.00010207780983309601;5.261565370081732e-05;7.888540389913167e-05;0.00010660845413398583;7.428104485224239e-05;7.869099216110339e-05;0.0002091890455088475;5.2403276095067096e-05;0.0001123211513405256;4.419053429935367e-05;6.346399326050314e-05;0.00010942976769992121;7.56843314529333e-05;6.680749712858842e-05;4.262879435068843e-05;7.025843354149283e-05;7.379250368573532e-05;8.989020337234248e-05;5.139353773948688e-05;7.550568125246055e-05;4.1374310369003915e-05;6.129271148119476e-05;8.740351384084623e-05;9.219159812443683e-05;5.449289689327591e-05;
5.817648528643951e-05;6.474650716477111e-05;6.736905553320287e-05;4.270283034543782e-05;6.521632754109786e-05;6.760060074380243e-05;6.123569427478249e-05;5.794997297090975e-05;4.3580884715090386e-05;5.7834848615552025e-05;7.248778727789092e-05;5.51500110983471e-05;4.9007909742466825e-05;5.2403276095067096e-05;7.693853704904131e-05;7.715183020541638e-05;3.961060746854047e-05;5.967359604184572e-05;5.3210637205163756e-05;5.4468350797048684e-05;5.914665626336434e-05;4.2826589160488285e-05;5.579439343197157e-05;6.130992255088085e-05;6.531866391871954e-05;4.464025258950426e-05;6.273083375245867e-05;3.872189024350103e-05;5.4669955852172235e-05;6.262951373050911e-05;6.500944717138198e-05;4.251558313837001e-05;
0.00011517688163229347;0.00012688001908173018;0.00015696815885026812;9.081218397779561e-05;0.00012935258764584667;0.00016110340427689487;0.00012665894876789756;0.0001293560601640824;6.986739766418961e-05;0.00011565223314300662;0.00023295967650600982;0.0001066214586172835;9.538377882067069e-05;0.0001123211513405256;7.715183020541638e-05;0.00029507950782632934;5.8994111112843005e-05;8.780555856357342e-05;0.00011431219349422752;0.0001058062866840179;9.505774422715853e-05;6.074484390345136e-05;0.00012157643456435372;0.00011640448980630462;0.00012675399515568495;7.499991758269794e-05;0.00011783392161177069;5.936334552262867e-05;8.932838119228078e-05;0.00013667144608469527;0.00015065500371329933;7.811982924213999e-05;
5.010502756901664e-05;5.183506071980871e-05;5.4580845563990024e-05;4.634619768965111e-05;5.6839256637688e-05;6.172275191685395e-05;5.0756713353254376e-05;5.0120097772843154e-05;4.184989795050265e-05;4.758936780068933e-05;5.5473095414774364e-05;5.008661281115251e-05;4.6530717862891916e-05;4.419053429935367e-05;3.961060746854047e-05;5.8994111112843005e-05;8.421898469106098e-05;4.6558655506249504e-05;5.095450957673745e-05;6.094116676958392e-05;4.399651803341966e-05;3.38613192764698e-05;4.930748411508673e-05;5.053123609749644e-05;5.117662070295062e-05;3.452241337241563e-05;5.227933828064577e-05;3.342345726947853e-05;4.540375766560556e-05;5.296053758250977e-05;5.550795284400646e-05;3.422195595339011e-05;
6.624967823152416e-05;7.111608571499354e-05;7.415451092296055e-05;4.6719567630779034e-05;7.367914482926861e-05;7.900157441874464e-05;7.361675971626639e-05;6.805502552974117e-05;4.872857324291317e-05;6.703990613754569e-05;8.187585355288356e-05;6.0317558347719885e-05;5.4751416382515914e-05;6.346399326050314e-05;5.967359604184572e-05;8.780555856357342e-05;4.6558655506249504e-05;0.00013860346964461332;6.21622206619365e-05;6.023335334540863e-05;7.767805743120343e-05;4.792917930274737e-05;6.35336657886028e-05;6.838832596463504e-05;7.146449030591777e-05;5.305895049221757e-05;6.793027824758657e-05;4.17780591469254e-05;6.29248341107856e-05;7.39917244138617e-05;7.366551587865606e-05;5.0706803334217275e-05;
8.058082158404056e-05;8.352702457767837e-05;9.406866920104196e-05;8.012425785279579e-05;8.614067257504608e-05;0.00011213700010910793;8.537381241237161e-05;0.00010581698129466078;5.3189116942542504e-05;7.855454007580054e-05;0.00010961632189500978;7.63363369216169e-05;8.192941046608242e-05;0.00010942976769992121;5.3210637205163756e-05;0.00011431219349422752;5.095450957673745e-05;6.21622206619365e-05;0.00020929362412519398;7.822575185923026e-05;6.246273154633613e-05;4.661529736535621e-05;7.205805375779874e-05;7.955774545258357e-05;8.822506242874146e-05;5.5418379120039714e-05;7.819939707054101e-05;4.8807586634296426e-05;6.800016584126161e-05;9.151530648621406e-05;8.750319859929004e-05;5.523071381365603e-05;
7.629765554872363e-05;8.291134998726095e-05;9.555989038061793e-05;7.166812594421199e-05;9.180668564080643e-05;0.00010246586308145872;7.663390798928038e-05;8.181594828645449e-05;5.3640332405115424e-05;7.043305314882744e-05;9.885616869953296e-05;8.411338237959775e-05;6.332754823759233e-05;7.56843314529333e-05;5.4468350797048684e-05;0.0001058062866840179;6.094116676958392e-05;6.023335334540863e-05;7.822575185923026e-05;0.00021271290461128632;6.106886981236855e-05;4.258507530080831e-05;7.245803709264786e-05;8.251718583546453e-05;8.707779344751945e-05;4.7568235415428595e-05;9.107213885093421e-05;4.839324079485565e-05;6.477008242543635e-05;9.202432179880706e-05;8.321762699161684e-05;4.702032750510215e-05;
6.849530379603928e-05;7.335614308163747e-05;7.864962122682164e-05;5.3844197535975866e-05;7.445434563658137e-05;8.289444217839584e-05;7.710773897368508e-05;6.68024901542036e-05;5.0891642769690336e-05;7.079598760007114e-05;8.647261688492297e-05;6.743187079868958e-05;5.590494622267769e-05;6.680749712858842e-05;5.914665626336434e-05;9.505774422715853e-05;4.399651803341966e-05;7.767805743120343e-05;6.246273154633613e-05;6.106886981236855e-05;0.00012378359853732778;4.743592452049956e-05;6.91258754573684e-05;7.409888474000532e-05;7.443968539486494e-05;5.246880884045539e-05;7.570836859337078e-05;4.3144698349895516e-05;6.542460550200376e-05;8.101872954225277e-05;8.44918232348307e-05;4.929438475861805e-05;
4.854900825740007e-05;5.177760817835009e-05;5.353609725790411e-05;3.7027380601402394e-05;5.053039546176755e-05;5.27362883403954e-05;5.279338813176139e-05;4.735093786845629e-05;4.457657285501587e-05;5.037784274301255e-05;5.703738589402251e-05;4.640819973785898e-05;4.002311296660193e-05;4.262879435068843e-05;4.2826589160488285e-05;6.074484390345136e-05;3.38613192764698e-05;4.792917930274737e-05;4.661529736535621e-05;4.258507530080831e-05;4.743592452049956e-05;7.851337940823833e-05;5.043478073508093e-05;4.676309303340332e-05;5.2257254328252195e-05;3.8879073221976434e-05;4.703336400437052e-05;3.929575004552235e-05;4.789190834853714e-05;5.462892281557397e-05;5.3686069477194343e-05;4.014503321484224e-05;
7.710057683109452e-05;8.61762830061028e-05;9.119023533943133e-05;5.351169572230819e-05;8.684546867518959e-05;9.938800145789295e-05;8.239676398487179e-05;7.948711303606196e-05;5.6493114635199997e-05;7.619992880655693e-05;0.00011056696004413466;7.211532520478423e-05;6.346154209673817e-05;7.025843354149283e-05;5.579439343197157e-05;0.00012157643456435372;4.930748411508673e-05;6.35336657886028e-05;7.205805375779874e-05;7.245803709264786e-05;6.91258754573684e-05;5.043478073508093e-05;0.00013237132905958296;8.408658106521975e-05;8.470339864776122e-05;5.4165175918926115e-05;7.892880030743245e-05;4.9001508841903496e-05;6.477544011985289e-05;9.30723322644972e-05;8.880527041466432e-05;5.430204986510278e-05;
8.15410958778251e-05;8.394060192404327e-05;9.221257627205279e-05;7.760769989608699e-05;9.436529685788023e-05;0.00010338213861592185;8.939101527026004e-05;8.373461238106694e-05;5.458501052282069e-05;8.291299606415959e-05;0.0001059865516667918;8.196081698169282e-05;7.702834594134608e-05;7.379250368573532e-05;6.130992255088085e-05;0.00011640448980630462;5.053123609749644e-05;6.838832596463504e-05;7.955774545258357e-05;8.251718583546453e-05;7.409888474000532e-05;4.676309303340332e-05;8.408658106521975e-05;0.000218422491867333;9.384094326707266e-05;4.6048382611135574e-05;8.187314609181635e-05;4.7626845605290075e-05;7.105650184929495e-05;9.47708969057429e-05;9.269553100601201e-05;5.175990702920595e-05;
9.338154006306684e-05;0.00010861304119145014;0.00011019884988744372;7.802058020739995e-05;0.00012206473394745872;0.00014106889945608532;9.85677563264231e-05;0.00010052688651568915;6.098046220854898e-05;8.912391207662325e-05;0.00012378571813272154;8.585855937346277e-05;8.514121023037615e-05;8.989020337234248e-05;6.531866391871954e-05;0.00012675399515568495;5.117662070295062e-05;7.146449030591777e-05;8.822506242874146e-05;8.707779344751945e-05;7.443968539486494e-05;5.2257254328252195e-05;8.470339864776122e-05;9.384094326707266e-05;0.00015758914593128818;5.762911338808898e-05;9.396371662610558e-05;4.8574930080179844e-05;8.01247717548929e-05;0.00010841063615699823;0.00010882482600400909;5.8086606225935776e-05;
5.412428875442155e-05;5.6776641714576286e-05;6.645416150518329e-05;4.349328942585403e-05;5.615107303849391e-05;6.566755252497255e-05;5.8404387428613136e-05;4.949476499303925e-05;4.2860089658487536e-05;5.395670004011814e-05;6.479622266879719e-05;5.220777335883969e-05;4.628609473334084e-05;5.139353773948688e-05;4.464025258950426e-05;7.499991758269794e-05;3.452241337241563e-05;5.305895049221757e-05;5.5418379120039714e-05;4.7568235415428595e-05;5.246880884045539e-05;3.8879073221976434e-05;5.4165175918926115e-05;4.6048382611135574e-05;5.762911338808898e-05;0.00010279195247046457;5.295523224352998e-05;3.8574468311441134e-05;4.433825065913827e-05;6.182147331211245e-05;6.698873763294659e-05;7.02059746615333e-05;
8.317297260094323e-05;9.170629558554337e-05;0.00012073717653112841;7.788676086244562e-05;9.571934225581804e-05;0.00010584504630550755;8.361554237830463e-05;8.676815995891553e-05;5.152030640676028e-05;7.686110907900196e-05;0.00011603302690151942;8.098624481160403e-05;7.036942551858424e-05;7.550568125246055e-05;6.273083375245867e-05;0.00011783392161177069;5.227933828064577e-05;6.793027824758657e-05;7.819939707054101e-05;9.107213885093421e-05;7.570836859337078e-05;4.703336400437052e-05;7.892880030743245e-05;8.187314609181635e-05;9.396371662610558e-05;5.295523224352998e-05;0.0002395818922744983;4.372018713081433e-05;6.734174394693069e-05;9.628112934107588e-05;8.851788118593139e-05;5.317102498407116e-05;
4.6323611472051355e-05;4.717361554348354e-05;5.188756901811736e-05;3.587187473253021e-05;4.9451965750581696e-05;4.819787448432622e-05;4.317721502472043e-05;4.5370212154947474e-05;3.797846873639204e-05;4.1331943304426386e-05;5.613191541351137e-05;5.552310063727593e-05;3.652016384628842e-05;4.1374310369003915e-05;3.872189024350103e-05;5.936334552262867e-05;3.342345726947853e-05;4.17780591469254e-05;4.8807586634296426e-05;4.839324079485565e-05;4.3144698349895516e-05;3.929575004552235e-05;4.9001508841903496e-05;4.7626845605290075e-05;4.8574930080179844e-05;3.8574468311441134e-05;4.372018713081433e-05;8.990259444574333e-05;4.4646459661296425e-05;5.286175284479937e-05;4.861230122884466e-05;3.662034974729071e-05;
6.629143520986761e-05;7.30519443454811e-05;7.132136933182592e-05;6.449071284424576e-05;8.134277485383666e-05;8.212297858529579e-05;6.80808978782429e-05;6.069319377207991e-05;4.496767709253372e-05;5.8359524176302984e-05;8.365196435859912e-05;6.649645629716083e-05;6.036027625529127e-05;6.129271148119476e-05;5.4669955852172235e-05;8.932838119228078e-05;4.540375766560556e-05;6.29248341107856e-05;6.800016584126161e-05;6.477008242543635e-05;6.542460550200376e-05;4.789190834853714e-05;6.477544011985289e-05;7.105650184929495e-05;8.01247717548929e-05;4.433825065913827e-05;6.734174394693069e-05;4.4646459661296425e-05;0.0002566661120118802;7.679321327326741e-05;7.58136901804027e-05;4.463752558666074e-05;
9.23233300434329e-05;0.00010133629443299474;0.00011266770326010939;7.426973692840529e-05;0.00011074070190356618;0.00011926841390218036;9.389929321219667e-05;9.812013585759643e-05;6.301409486356351e-05;8.684189916581025e-05;0.00012950222543556584;9.082656847260436e-05;7.41612010853844e-05;8.740351384084623e-05;6.262951373050911e-05;0.00013667144608469527;5.296053758250977e-05;7.39917244138617e-05;9.151530648621406e-05;9.202432179880706e-05;8.101872954225277e-05;5.462892281557397e-05;9.30723322644972e-05;9.47708969057429e-05;0.00010841063615699823;6.182147331211245e-05;9.628112934107588e-05;5.286175284479937e-05;7.679321327326741e-05;0.00019195632086065756;0.00010671155290098758;6.296656154617767e-05;
9.287305485245562e-05;0.00010790004391934546;0.00011221880038864211;7.625458572753999e-05;0.00010936980492904306;0.0001369393009102892;0.00010828274845718549;0.00010101017546702261;6.198243255988506e-05;9.819211105236655e-05;0.00013913656648734978;8.66113918803156e-05;8.3112629951893e-05;9.219159812443683e-05;6.500944717138198e-05;0.00015065500371329933;5.550795284400646e-05;7.366551587865606e-05;8.750319859929004e-05;8.321762699161684e-05;8.44918232348307e-05;5.3686069477194343e-05;8.880527041466432e-05;9.269553100601201e-05;0.00010882482600400909;6.698873763294659e-05;8.851788118593139e-05;4.861230122884466e-05;7.58136901804027e-05;0.00010671155290098758;0.00017875466640859038;6.459646791397577e-05;
5.457816287692604e-05;5.556896479757595e-05;6.420248995606347e-05;4.4203531053321675e-05;5.5782050194264986e-05;6.922507121811832e-05;5.8009463009899626e-05;5.365796175725081e-05;4.277275564212048e-05;5.659361041787178e-05;7.038389928444966e-05;5.130724543033342e-05;5.103624170154057e-05;5.449289689327591e-05;4.251558313837001e-05;7.811982924213999e-05;3.422195595339011e-05;5.0706803334217275e-05;5.523071381365603e-05;4.702032750510215e-05;4.929438475861805e-05;4.014503321484224e-05;5.430204986510278e-05;5.175990702920595e-05;5.8086606225935776e-05;7.02059746615333e-05;5.317102498407116e-05;3.662034974729071e-05;4.463752558666074e-05;6.296656154617767e-05;6.459646791397577e-05;9.33062756563605e-05;
