7.662930086409819e-05;8.660643303918473e-05;9.254939532742319e-05;6.379524637550211e-05;9.246935605242295e-05;0.00010940843222693146;8.444246362802236e-05;8.258377360265004e-05;5.2808244329135605e-05;7.753527401255933e-05;0.00010515718868009238;7.382560687771158e-05;7.17790442697669e-05;7.579297578728926e-05;5.521114973699071e-05;0.0001116722964843081;4.6377625585720684e-05;6.211703699028883e-05;7.577467154760726e-05;7.25474776647025e-05;6.535295841776129e-05;4.584386777168371e-05;7.437133462007027e-05;7.845418371698786e-05;9.103786912859406e-05;5.171142196488665e-05;7.91078013661958e-05;4.3628277242917835e-05;6.16430167814558e-05;8.929493756006938e-05;9.04368819320071e-05;5.244660693319138e-05;
8.660643303918473e-05;0.00013806856929691674;0.0001036249269190509;7.176396935527222e-05;0.00010393494086577786;0.0001259373933408223;9.235174335036971e-05;9.453823792470474e-05;5.617786152180342e-05;8.507200482770223e-05;0.00011903074678735849;8.086174960228242e-05;7.268117730565641e-05;8.77495087767159e-05;6.289019842154677e-05;0.0001255085712775049;4.950812045912091e-05;6.85866262957052e-05;8.069032402765046e-05;8.104586330760981e-05;7.204108992983342e-05;5.0210329714215364e-05;8.513481951925545e-05;8.298499863360101e-05;0.00010793658310419457;5.5987058359024317e-05;8.936698432829566e-05;4.5720764421363925e-05;7.024914895907421e-05;0.00010003438284960414;0.0001073116931069247;5.480447244494877e-05;
9.254939532742319e-05;0.0001036249269190509;0.0002021687126131798;7.978621485801796e-05;0.00011193614380669865;0.0001269212342531734;9.325877112115983e-05;9.142434182271275e-05;6.312472440542882e-05;8.52791044516964e-05;0.00014568896397176858;9.195502675810494e-05;6.956276476529879e-05;8.861064576578799e-05;6.516663431043934e-05;0.0001541422518524387;5.161268810876835e-05;7.099469825538645e-05;9.065806002936235e-05;9.337198484327156e-05;7.53478007636319e-05;5.191993132751906e-05;8.876497682331206e-05;8.96196611218191e-05;0.00010929319267108899;6.51211252614695e-05;0.00011834344211378993;5.149352122217752e-05;6.89658522072075e-05;0.00011006047136586238;0.00011179796963687658;6.215664222338819e-05;
6.379524637550211e-05;7.176396935527222e-05;7.978621485801796e-05;0.00026480238667459373;7.955025581132949e-05;0.00010315898187016353;6.59290391175543e-05;8.08050811589159e-05;4.0139266674234605e-05;5.5395709049965274e-05;8.53426277176054e-05;6.626003160128652e-05;6.590997857385272e-05;7.440269553821835e-05;3.897075729278273e-05;8.621283202144674e-05;4.190704835114559e-05;4.190008316146482e-05;7.321940409126295e-05;6.622677410546544e-05;5.067484352142141e-05;3.314820727772812e-05;5.0538955137314316e-05;7.356380283919467e-05;7.390616703883377e-05;4.075319935685438e-05;7.268791963375408e-05;3.266564314117788e-05;5.786282614163926e-05;7.035852540873646e-05;7.183564683252197e-05;4.1638949005732413e-05;
9.246935605242295e-05;0.00010393494086577786;0.00011193614380669865;7.955025581132949e-05;0.00020469000609146974;0.00012889501370431233;8.873244576181634e-05;9.661633782100091e-05;5.9498751380529314e-05;8.309479862516822e-05;0.0001202379984038997;8.674694422061482e-05;7.800543633812057e-05;8.774375633366115e-05;6.293549132755455e-05;0.00012615613487087203;5.3340174791421253e-05;6.910993036306463e-05;8.144962358941524e-05;8.813012935223091e-05;7.205189579919012e-05;4.8135667971306515e-05;8.405118164077417e-05;9.174938621458858e-05;0.00012006897879323295;5.411722613884008e-05;9.253591412785674e-05;4.728605561939153e-05;7.730765577620814e-05;0.00010889560612203827;0.00010757813254499078;5.378543249873564e-05;
0.00010940843222693146;0.0001259373933408223;0.0001269212342531734;0.00010315898187016353;0.00012889501370431233;0.00026493120328939724;0.00013064876645758208;0.00011838951676637803;6.132025090028646e-05;0.00011580375446175353;0.00015342194292344816;9.490782988428781e-05;9.097012908652605e-05;0.00010871016265672599;6.589120317838056e-05;0.00015907377386692443;5.9325450942583146e-05;7.654924923177179e-05;0.00010858966103312863;0.0001006798319424532;8.050361708942256e-05;5.077783534415616e-05;9.81542791719779e-05;0.00010183191729525329;0.00013994757001456844;6.395249948655647e-05;0.00010329335504632806;4.693094675253859e-05;7.946856505801045e-05;0.00011818156444328957;0.00013526260137569044;6.782282501337248e-05;
8.444246362802236e-05;9.235174335036971e-05;9.325877112115983e-05;6.59290391175543e-05;8.873244576181634e-05;0.00013064876645758208;0.0001579930413843817;8.411708254371003e-05;5.625979795089638e-05;0.00011819836768516124;0.00011282372630299023;7.406176071242183e-05;6.940725502622077e-05;7.792849165426468e-05;5.779819895100592e-05;0.00012123915497415311;4.6012513731816174e-05;6.8337842875404e-05;7.844866493754705e-05;7.105751109150029e-05;7.394991902925475e-05;4.790830227791254e-05;7.872895572468256e-05;8.515457808598042e-05;9.42202818601894e-05;5.4185688901253816e-05;7.815357185850641e-05;3.9058866630390976e-05;6.13422531797482e-05;8.918855628959571e-05;0.00010313279055986836;5.491061218160292e-05;
8.258377360265004e-05;9.453823792470474e-05;9.142434182271275e-05;8.08050811589159e-05;9.661633782100091e-05;0.00011838951676637803;8.411708254371003e-05;0.00029848527929373416;4.920587689641468e-05;7.801907188635765e-05;0.00012055701820153815;7.197448745265151e-05;8.27224918088001e-05;0.00010008438706517044;5.450544549848795e-05;0.000125076431974607;4.554464686335478e-05;6.240027978969852e-05;0.0001023359645339873;7.859741408151545e-05;6.227339054493337e-05;4.4595159432535014e-05;7.517337802421888e-05;8.05831834378618e-05;9.880347744715986e-05;4.437843018781514e-05;8.287680943337248e-05;4.263179163322005e-05;5.55295172472845e-05;9.563238938375093e-05;9.894985580878153e-05;5.11347035774288e-05;
5.2808244329135605e-05;5.617786152180342e-05;6.312472440542882e-05;4.0139266674234605e-05;5.9498751380529314e-05;6.132025090028646e-05;5.625979795089638e-05;4.920587689641468e-05;8.811818546447711e-05;5.2507208101879964e-05;6.094411658263241e-05;5.06534077749599e-05;4.805436241397434e-05;5.102827572597193e-05;4.183513003909999e-05;6.76421710865311e-05;3.9595178501303504e-05;4.6525028247348145e-05;5.015594184749057e-05;5.127923466440484e-05;4.920331581867592e-05;4.2806009466735037e-05;5.461433935740164e-05;5.252055091158759e-05;5.987837404185873e-05;4.1554633592327694e-05;4.885515787916131e-05;3.601839662156443e-05;4.215231864686711e-05;6.207525118331078e-05;6.065263879688333e-05;4.1450791228063386e-05;
7.753527401255933e-05;8.507200482770223e-05;8.52791044516964e-05;5.5395709049965274e-05;8.309479862516822e-05;0.00011580375446175353;0.00011819836768516124;7.801907188635765e-05;5.2507208101879964e-05;0.00012680191195411087;0.00010410167553692272;6.976937455853488e-05;6.624178502532395e-05;7.504343638692573e-05;5.462294048922655e-05;0.00011113661593744946;4.311767378945058e-05;6.268068492920571e-05;7.342501103913247e-05;6.560713886588193e-05;6.826075121305438e-05;4.638206209422151e-05;7.291686029586327e-05;7.93449968976514e-05;8.592410045306159e-05;5.080950277055378e-05;7.224668975453463e-05;3.7230781263685006e-05;5.279827191732431e-05;8.311806260152714e-05;9.46733372795274e-05;5.459871988973589e-05;
0.00010515718868009238;0.00011903074678735849;0.00014568896397176858;8.53426277176054e-05;0.0001202379984038997;0.00015342194292344816;0.00011282372630299023;0.00012055701820153815;6.094411658263241e-05;0.00010410167553692272;0.0002738434270751909;9.686837843124443e-05;8.782088563100231e-05;0.00010321927044800159;6.931445968024323e-05;0.00022867547978659597;5.120336986518248e-05;7.829586053470164e-05;0.00010384169392566492;9.445318423247116e-05;8.34174861916605e-05;5.3029320707037685e-05;0.00010771057843849354;0.00010287435343560372;0.00012119773929969106;6.192564495126037e-05;0.0001096698637997054;5.271562993680937e-05;7.768917815729916e-05;0.00012599817717131025;0.00013631783036367664;6.735416062285202e-05;
7.382560687771158e-05;8.086174960228242e-05;9.195502675810494e-05;6.626003160128652e-05;8.674694422061482e-05;9.490782988428781e-05;7.406176071242183e-05;7.197448745265151e-05;5.06534077749599e-05;6.976937455853488e-05;9.686837843124443e-05;0.00015876156575173335;5.941768580288022e-05;7.308962000273267e-05;5.263925208762483e-05;0.00010393347438433156;4.720713189139541e-05;5.656492240633959e-05;7.215937996184557e-05;8.101013983239024e-05;6.391180532952809e-05;4.4703557337962655e-05;6.974723656694731e-05;7.959773412919106e-05;8.398987283070888e-05;4.9812866871885937e-05;7.68694145808699e-05;5.359504670488322e-05;6.253456189495334e-05;8.947309459909101e-05;8.544612175656063e-05;4.954660306821315e-05;
7.17790442697669e-05;7.268117730565641e-05;6.956276476529879e-05;6.590997857385272e-05;7.800543633812057e-05;9.097012908652605e-05;6.940725502622077e-05;8.27224918088001e-05;4.805436241397434e-05;6.624178502532395e-05;8.782088563100231e-05;5.941768580288022e-05;0.0001385106135237985;7.558894974948649e-05;4.594866573785712e-05;9.18961347413062e-05;4.293559569579765e-05;5.0838572285537986e-05;7.75146274994423e-05;6.011673019852504e-05;5.271927285825539e-05;3.718915064561025e-05;6.1008169492996226e-05;7.392611481369795e-05;8.279865500637142e-05;4.3701970086496125e-05;6.685452291711031e-05;3.36708121415309e-05;5.598712055015766e-05;7.230823359044831e-05;8.045475346134954e-05;4.912763365643143e-05;
7.579297578728926e-05;8.77495087767159e-05;8.861064576578799e-05;7.440269553821835e-05;8.774375633366115e-05;0.00010871016265672599;7.792849165426468e-05;0.00010008438706517044;5.102827572597193e-05;7.504343638692573e-05;0.00010321927044800159;7.308962000273267e-05;7.558894974948649e-05;0.00020697114474612388;4.9762861982891026e-05;0.00011039494140958783;4.139720733071495e-05;5.915211118596626e-05;0.00010516895634315665;7.228316433781334e-05;6.375113544496661e-05;4.038898294172792e-05;6.913616445101964e-05;7.167217208017246e-05;8.72229707768884e-05;4.8579704589077496e-05;7.166383904723598e-05;3.884898227521715e-05;5.699643746049069e-05;8.512843265339445e-05;8.963421292095022e-05;5.26277028758253e-05;
5.521114973699071e-05;6.289019842154677e-05;6.516663431043934e-05;3.897075729278273e-05;6.293549132755455e-05;6.589120317838056e-05;5.779819895100592e-05;5.450544549848795e-05;4.183513003909999e-05;5.462294048922655e-05;6.931445968024323e-05;5.263925208762483e-05;4.594866573785712e-05;4.9762861982891026e-05;7.386162193376454e-05;7.359505432113176e-05;3.60329921133893e-05;5.50656970078612e-05;4.8529130806250396e-05;5.0822043539047634e-05;5.630119365594887e-05;3.971503901309531e-05;5.326046846505398e-05;5.855583513647141e-05;6.27740829366946e-05;4.221189585874695e-05;5.862406978192618e-05;3.5870063278548045e-05;4.981537411032929e-05;6.06265868594084e-05;6.259235336866675e-05;4.0134045951997774e-05;
0.0001116722964843081;0.0001255085712775049;0.0001541422518524387;8.621283202144674e-05;0.00012615613487087203;0.00015907377386692443;0.00012123915497415311;0.000125076431974607;6.76421710865311e-05;0.00011113661593744946;0.00022867547978659597;0.00010393347438433156;9.18961347413062e-05;0.00011039494140958783;7.359505432113176e-05;0.0002920015899822539;5.3743040948390014e-05;8.318609493069709e-05;0.00010891896203318839;0.00010153117592190733;9.104260690503832e-05;5.7673227621999565e-05;0.0001185586443045754;0.00011246558109959469;0.00012451285110325313;7.235361985988158e-05;0.00011211457603838927;5.580651686423583e-05;8.399255886712164e-05;0.00013357555998443838;0.00014868390450445946;7.535954410460344e-05;
4.6377625585720684e-05;4.950812045912091e-05;5.161268810876835e-05;4.190704835114559e-05;5.3340174791421253e-05;5.9325450942583146e-05;4.6012513731816174e-05;4.554464686335478e-05;3.9595178501303504e-05;4.311767378945058e-05;5.120336986518248e-05;4.720713189139541e-05;4.293559569579765e-05;4.139720733071495e-05;3.60329921133893e-05;5.3743040948390014e-05;8.103227655385045e-05;4.196587054414661e-05;4.5986772615677324e-05;5.62176294824674e-05;4.120630243997992e-05;3.063160576491496e-05;4.568725131567249e-05;4.6933196217815704e-05;4.781680229367545e-05;3.0949725209155265e-05;4.811530130553995e-05;3.0031937960384273e-05;4.020588922997992e-05;4.980196389944176e-05;5.158226570832295e-05;3.152826149715712e-05;
6.211703699028883e-05;6.85866262957052e-05;7.099469825538645e-05;4.190008316146482e-05;6.910993036306463e-05;7.654924923177179e-05;6.8337842875404e-05;6.240027978969852e-05;4.6525028247348145e-05;6.268068492920571e-05;7.829586053470164e-05;5.656492240633959e-05;5.0838572285537986e-05;5.915211118596626e-05;5.50656970078612e-05;8.318609493069709e-05;4.196587054414661e-05;0.00013121117849857744;5.57198084147924e-05;5.5648866318670846e-05;7.395746773917661e-05;4.479261203585286e-05;5.985659384658942e-05;6.488260957142234e-05;6.751485920679555e-05;4.891872435546527e-05;6.203158567200421e-05;3.843999676301758e-05;5.662151222642258e-05;7.010186619365e-05;6.958706809239962e-05;4.807180559403358e-05;
7.577467154760726e-05;8.069032402765046e-05;9.065806002936235e-05;7.321940409126295e-05;8.144962358941524e-05;0.00010858966103312863;7.844866493754705e-05;0.0001023359645339873;5.015594184749057e-05;7.342501103913247e-05;0.00010384169392566492;7.215937996184557e-05;7.75146274994423e-05;0.00010516895634315665;4.8529130806250396e-05;0.00010891896203318839;4.5986772615677324e-05;5.57198084147924e-05;0.00020247633062160037;7.210937426253035e-05;5.708313127437096e-05;4.2906802502225946e-05;6.813033660614827e-05;7.42717193681016e-05;8.378972918832175e-05;5.119142783921896e-05;7.184257508920955e-05;4.471106063167896e-05;6.078641054227814e-05;8.684589512476069e-05;8.316833633647024e-05;5.1888624315247105e-05;
7.25474776647025e-05;8.104586330760981e-05;9.337198484327156e-05;6.622677410546544e-05;8.813012935223091e-05;0.0001006798319424532;7.105751109150029e-05;7.859741408151545e-05;5.127923466440484e-05;6.560713886588193e-05;9.445318423247116e-05;8.101013983239024e-05;6.011673019852504e-05;7.228316433781334e-05;5.0822043539047634e-05;0.00010153117592190733;5.62176294824674e-05;5.5648866318670846e-05;7.210937426253035e-05;0.00020787037294067652;5.6583726191340124e-05;3.992485376407156e-05;6.941142103014225e-05;7.793823706929601e-05;8.43892131335764e-05;4.4933599542552775e-05;8.607802123069885e-05;4.52536671585532e-05;5.8752744077504786e-05;8.902500972017312e-05;8.049432896291491e-05;4.3970592952375094e-05;
6.535295841776129e-05;7.204108992983342e-05;7.53478007636319e-05;5.067484352142141e-05;7.205189579919012e-05;8.050361708942256e-05;7.394991902925475e-05;6.227339054493337e-05;4.920331581867592e-05;6.826075121305438e-05;8.34174861916605e-05;6.391180532952809e-05;5.271927285825539e-05;6.375113544496661e-05;5.630119365594887e-05;9.104260690503832e-05;4.120630243997992e-05;7.395746773917661e-05;5.708313127437096e-05;5.6583726191340124e-05;0.00012465970817592366;4.313158627617522e-05;6.521178889558334e-05;7.254514678356685e-05;7.145830932511094e-05;4.9617377504796665e-05;7.150913798562347e-05;3.929549164964895e-05;5.9161527708817804e-05;7.771510818640592e-05;8.181115688490428e-05;4.769418922422831e-05;
4.584386777168371e-05;5.0210329714215364e-05;5.191993132751906e-05;3.314820727772812e-05;4.8135667971306515e-05;5.077783534415616e-05;4.790830227791254e-05;4.4595159432535014e-05;4.2806009466735037e-05;4.638206209422151e-05;5.3029320707037685e-05;4.4703557337962655e-05;3.718915064561025e-05;4.038898294172792e-05;3.971503901309531e-05;5.7673227621999565e-05;3.063160576491496e-05;4.479261203585286e-05;4.2906802502225946e-05;3.992485376407156e-05;4.313158627617522e-05;7.708985706741753e-05;4.81144982548307e-05;4.298980155309535e-05;5.0181046356585684e-05;3.6701417972636767e-05;4.375860152436548e-05;3.638088882197343e-05;4.414252665568411e-05;5.280604924329108e-05;5.155007480813805e-05;3.844775889528319e-05;
7.437133462007027e-05;8.513481951925545e-05;8.876497682331206e-05;5.0538955137314316e-05;8.405118164077417e-05;9.81542791719779e-05;7.872895572468256e-05;7.517337802421888e-05;5.461433935740164e-05;7.291686029586327e-05;0.00010771057843849354;6.974723656694731e-05;6.1008169492996226e-05;6.913616445101964e-05;5.326046846505398e-05;0.0001185586443045754;4.568725131567249e-05;5.985659384658942e-05;6.813033660614827e-05;6.941142103014225e-05;6.521178889558334e-05;4.81144982548307e-05;0.00013056409311638776;8.069492138504226e-05;8.274510375174558e-05;5.2256591955406584e-05;7.464717996815383e-05;4.633224786367863e-05;6.151075119909125e-05;8.994445252403467e-05;8.678760243858127e-05;5.2027991589621904e-05;
7.845418371698786e-05;8.298499863360101e-05;8.96196611218191e-05;7.356380283919467e-05;9.174938621458858e-05;0.00010183191729525329;8.515457808598042e-05;8.05831834378618e-05;5.252055091158759e-05;7.93449968976514e-05;0.00010287435343560372;7.959773412919106e-05;7.392611481369795e-05;7.167217208017246e-05;5.855583513647141e-05;0.00011246558109959469;4.6933196217815704e-05;6.488260957142234e-05;7.42717193681016e-05;7.793823706929601e-05;7.254514678356685e-05;4.298980155309535e-05;8.069492138504226e-05;0.00021590925154750973;9.175667578141135e-05;4.351786205673588e-05;7.730942814696169e-05;4.439153108099162e-05;6.559485610050399e-05;9.349437230393822e-05;9.0435597862143e-05;4.961758008888719e-05;
9.103786912859406e-05;0.00010793658310419457;0.00010929319267108899;7.390616703883377e-05;0.00012006897879323295;0.00013994757001456844;9.42202818601894e-05;9.880347744715986e-05;5.987837404185873e-05;8.592410045306159e-05;0.00012119773929969106;8.398987283070888e-05;8.279865500637142e-05;8.72229707768884e-05;6.27740829366946e-05;0.00012451285110325313;4.781680229367545e-05;6.751485920679555e-05;8.378972918832175e-05;8.43892131335764e-05;7.145830932511094e-05;5.0181046356585684e-05;8.274510375174558e-05;9.175667578141135e-05;0.00015587565529912275;5.585857977376486e-05;9.056659081076651e-05;4.6755571200807874e-05;7.652252954109742e-05;0.0001065431044900681;0.00010706539588349269;5.6589218037932046e-05;
5.171142196488665e-05;5.5987058359024317e-05;6.51211252614695e-05;4.075319935685438e-05;5.411722613884008e-05;6.395249948655647e-05;5.4185688901253816e-05;4.437843018781514e-05;4.1554633592327694e-05;5.080950277055378e-05;6.192564495126037e-05;4.9812866871885937e-05;4.3701970086496125e-05;4.8579704589077496e-05;4.221189585874695e-05;7.235361985988158e-05;3.0949725209155265e-05;4.891872435546527e-05;5.119142783921896e-05;4.4933599542552775e-05;4.9617377504796665e-05;3.6701417972636767e-05;5.2256591955406584e-05;4.351786205673588e-05;5.585857977376486e-05;0.00010190934037263329;5.0090936814638325e-05;3.615704093545551e-05;4.1102476905608334e-05;6.0042513388278414e-05;6.534577732390966e-05;6.86364111404038e-05;
7.91078013661958e-05;8.936698432829566e-05;0.00011834344211378993;7.268791963375408e-05;9.253591412785674e-05;0.00010329335504632806;7.815357185850641e-05;8.287680943337248e-05;4.885515787916131e-05;7.224668975453463e-05;0.0001096698637997054;7.68694145808699e-05;6.685452291711031e-05;7.166383904723598e-05;5.862406978192618e-05;0.00011211457603838927;4.811530130553995e-05;6.203158567200421e-05;7.184257508920955e-05;8.607802123069885e-05;7.150913798562347e-05;4.375860152436548e-05;7.464717996815383e-05;7.730942814696169e-05;9.056659081076651e-05;5.0090936814638325e-05;0.00023816943802717236;4.0641318144609384e-05;6.200846216100292e-05;9.257135134612227e-05;8.504181862784168e-05;5.047262131711176e-05;
4.3628277242917835e-05;4.5720764421363925e-05;5.149352122217752e-05;3.266564314117788e-05;4.728605561939153e-05;4.693094675253859e-05;3.9058866630390976e-05;4.263179163322005e-05;3.601839662156443e-05;3.7230781263685006e-05;5.271562993680937e-05;5.359504670488322e-05;3.36708121415309e-05;3.884898227521715e-05;3.5870063278548045e-05;5.580651686423583e-05;3.0031937960384273e-05;3.843999676301758e-05;4.471106063167896e-05;4.52536671585532e-05;3.929549164964895e-05;3.638088882197343e-05;4.633224786367863e-05;4.439153108099162e-05;4.6755571200807874e-05;3.615704093545551e-05;4.0641318144609384e-05;8.555574730396887e-05;4.039282704208496e-05;5.284254462107248e-05;4.6085040910551026e-05;3.446095127457145e-05;
6.16430167814558e-05;7.024914895907421e-05;6.89658522072075e-05;5.786282614163926e-05;7.730765577620814e-05;7.946856505801045e-05;6.13422531797482e-05;5.55295172472845e-05;4.215231864686711e-05;5.279827191732431e-05;7.768917815729916e-05;6.253456189495334e-05;5.598712055015766e-05;5.699643746049069e-05;4.981537411032929e-05;8.399255886712164e-05;4.020588922997992e-05;5.662151222642258e-05;6.078641054227814e-05;5.8752744077504786e-05;5.9161527708817804e-05;4.414252665568411e-05;6.151075119909125e-05;6.559485610050399e-05;7.652252954109742e-05;4.1102476905608334e-05;6.200846216100292e-05;4.039282704208496e-05;0.0002515838725956872;7.313789903587702e-05;7.120201003893942e-05;4.105240615231317e-05;
8.929493756006938e-05;0.00010003438284960414;0.00011006047136586238;7.035852540873646e-05;0.00010889560612203827;0.00011818156444328957;8.918855628959571e-05;9.563238938375093e-05;6.207525118331078e-05;8.311806260152714e-05;0.00012599817717131025;8.947309459909101e-05;7.230823359044831e-05;8.512843265339445e-05;6.06265868594084e-05;0.00013357555998443838;4.980196389944176e-05;7.010186619365e-05;8.684589512476069e-05;8.902500972017312e-05;7.771510818640592e-05;5.280604924329108e-05;8.994445252403467e-05;9.349437230393822e-05;0.0001065431044900681;6.0042513388278414e-05;9.257135134612227e-05;5.284254462107248e-05;7.313789903587702e-05;0.00017818471919080913;0.00010521053256587817;6.083435288015551e-05;
9.04368819320071e-05;0.0001073116931069247;0.00011179796963687658;7.183564683252197e-05;0.00010757813254499078;0.00013526260137569044;0.00010313279055986836;9.894985580878153e-05;6.065263879688333e-05;9.46733372795274e-05;0.00013631783036367664;8.544612175656063e-05;8.045475346134954e-05;8.963421292095022e-05;6.259235336866675e-05;0.00014868390450445946;5.158226570832295e-05;6.958706809239962e-05;8.316833633647024e-05;8.049432896291491e-05;8.181115688490428e-05;5.155007480813805e-05;8.678760243858127e-05;9.0435597862143e-05;0.00010706539588349269;6.534577732390966e-05;8.504181862784168e-05;4.6085040910551026e-05;7.120201003893942e-05;0.00010521053256587817;0.0001773947105032232;6.29239729713636e-05;
5.244660693319138e-05;5.480447244494877e-05;6.215664222338819e-05;4.1638949005732413e-05;5.378543249873564e-05;6.782282501337248e-05;5.491061218160292e-05;5.11347035774288e-05;4.1450791228063386e-05;5.459871988973589e-05;6.735416062285202e-05;4.954660306821315e-05;4.912763365643143e-05;5.26277028758253e-05;4.0134045951997774e-05;7.535954410460344e-05;3.152826149715712e-05;4.807180559403358e-05;5.1888624315247105e-05;4.3970592952375094e-05;4.769418922422831e-05;3.844775889528319e-05;5.2027991589621904e-05;4.961758008888719e-05;5.6589218037932046e-05;6.86364111404038e-05;5.047262131711176e-05;3.446095127457145e-05;4.105240615231317e-05;6.083435288015551e-05;6.29239729713636e-05;9.206884707348704e-05;
