8.623336562409308e-05;9.113021748026439e-05;9.631280481553944e-05;7.667889534910058e-05;0.00010332224874974281;0.00011636665898716646;9.893366917328557e-05;9.364586761239927e-05;5.7790619087207626e-05;8.746867404343046e-05;0.00012559851211837054;8.09690873191263e-05;8.189471168963309e-05;8.937544659757072e-05;6.257712591749248e-05;0.0001270499836990655;5.662864583980733e-05;7.298347521390328e-05;9.05423044286215e-05;8.21479500722233e-05;7.15710299671788e-05;5.472858757094582e-05;8.304441090082142e-05;8.488182059950175e-05;9.66589937368399e-05;5.710452268683196e-05;9.282178778491148e-05;5.059564091114348e-05;7.142086416213239e-05;9.793332327427651e-05;9.759957662453562e-05;5.673459381752224e-05;
9.113021748026439e-05;0.0001389715625682763;9.972301621993952e-05;7.727969842860186e-05;0.00010832624277394401;0.0001273657500393098;0.00010030598393790069;0.00010060046433647681;5.9477759334330155e-05;9.102662420240128e-05;0.00013133299764930188;8.215045689787944e-05;7.910304598115725e-05;9.534956599528663e-05;6.757893869727854e-05;0.00013415128326399272;5.768459593701735e-05;7.450064900148468e-05;8.955215853208875e-05;8.224319805199683e-05;7.416200544525486e-05;5.7613024300157066e-05;8.912678181134522e-05;8.1747712873923e-05;0.00010866971436423252;5.894217379426103e-05;9.271971769145042e-05;5.022956640165609e-05;7.216684030369699e-05;0.00010165759503615778;0.0001101545170395252;5.8425410188164804e-05;
9.631280481553944e-05;9.972301621993952e-05;0.00021276637280889598;8.153351875950515e-05;0.00011446123509983169;0.00012788879003755325;9.822938417787393e-05;9.638790494162317e-05;6.160211584600758e-05;8.381636294954578e-05;0.0001558212621398481;9.192140507436677e-05;7.823168469043257e-05;9.656911081548022e-05;6.665710070250345e-05;0.00015928369236314726;5.441479347490394e-05;7.945155468186285e-05;9.580187853544734e-05;9.835133932053629e-05;7.927903833595257e-05;5.4974208171446124e-05;9.384537669335262e-05;9.439844849034065e-05;0.0001104909253871646;6.325139760000191e-05;0.00012033734608692414;5.051644081072752e-05;7.54737811889834e-05;0.00010965030419204088;0.00011062482828847473;6.011930631061291e-05;
7.667889534910058e-05;7.727969842860186e-05;8.153351875950515e-05;0.00029447454643198443;9.33751528247585e-05;0.00011314407226015135;8.29762472424221e-05;9.324884166911717e-05;4.462152524069151e-05;6.742986434531146e-05;0.00010788561022023807;7.597179134308254e-05;7.453878928650142e-05;9.068508040331079e-05;4.6225039961152814e-05;0.00010554862010993204;5.3037194694326356e-05;5.5464640848157035e-05;9.53210418423605e-05;7.767553687075292e-05;5.693332183185892e-05;4.217878463005998e-05;5.942886164368023e-05;8.115267345628337e-05;8.244628621934028e-05;4.496186550671675e-05;8.720793331730329e-05;3.933269327068036e-05;7.179631006851751e-05;8.220047055050558e-05;8.162138276987754e-05;4.664990147415708e-05;
0.00010332224874974281;0.00010832624277394401;0.00011446123509983169;9.33751528247585e-05;0.00022423054180405842;0.00013865573896253107;0.00010550438054220568;9.993989190719631e-05;6.509936115819247e-05;9.552858025620104e-05;0.000143152148876487;9.266607767804165e-05;9.020967038324305e-05;0.00010285301489067613;6.990217481160736e-05;0.00014380320303525887;6.281893366214402e-05;8.208962351203677e-05;9.414051488413728e-05;0.00010138199198600045;7.561702999605545e-05;5.8289544831152725e-05;9.373462881959686e-05;9.692320991972297e-05;0.00012610050584480382;6.105343228638818e-05;0.00010601465363715642;5.53095031796118e-05;8.560605726823732e-05;0.00011660541994452871;0.00011521210941061057;5.870492875522998e-05;
0.00011636665898716646;0.0001273657500393098;0.00012788879003755325;0.00011314407226015135;0.00013865573896253107;0.0002870695332234148;0.00015121259120582563;0.00012809993835001575;6.211861550445448e-05;0.0001289629154203113;0.0001802897937287576;9.276214963195956e-05;0.00010328000888112157;0.00012310193080795195;6.949320897603124e-05;0.000176545599750093;6.237858141242026e-05;8.379496025824203e-05;0.0001215433436171536;9.784272648240803e-05;7.99380671976242e-05;5.82431007252815e-05;0.00010199864027917956;9.969730483555813e-05;0.00014315343125147632;6.721247430257431e-05;0.00010884721886895719;4.9028696593882625e-05;8.190286732103462e-05;0.00012327601587691905;0.00014222785903148964;7.146034641480317e-05;
9.893366917328557e-05;0.00010030598393790069;9.822938417787393e-05;8.29762472424221e-05;0.00010550438054220568;0.00015121259120582563;0.00020423458490880094;0.00010647337701784985;6.498887472662254e-05;0.00014528628150602718;0.00013757702263451;8.003011020708291e-05;8.865248416253465e-05;0.00010055804949955838;6.838860402408563e-05;0.00014341727036047455;5.852030145406591e-05;8.163225842942594e-05;9.821184580447455e-05;7.820486653688543e-05;7.915049618760615e-05;6.207926452274845e-05;9.050432978020161e-05;8.807300563467173e-05;0.00010405895368217392;6.585147821387647e-05;9.269613000673873e-05;4.863591946031869e-05;7.112127823508552e-05;0.00010212343455049277;0.00011639404945173199;6.517865840284607e-05;
9.364586761239927e-05;0.00010060046433647681;9.638790494162317e-05;9.324884166911717e-05;9.993989190719631e-05;0.00012809993835001575;0.00010647337701784985;0.00025510618569492207;5.872100329594037e-05;9.50479915676463e-05;0.00013587511649535756;8.197840937235299e-05;9.633022534125117e-05;0.00011974505612038959;6.589676403143218e-05;0.00014100416537784824;6.0604991197002634e-05;7.852596453885718e-05;0.00011610538545432212;8.775043851900827e-05;7.151875067504884e-05;5.4271645174638495e-05;8.456113988761175e-05;8.759115420408625e-05;0.0001066010202067029;5.400460932812358e-05;9.733413502905105e-05;5.040534892406242e-05;7.083821624686758e-05;0.0001047025773838103;0.00010528060344795783;5.946619396486312e-05;
5.7790619087207626e-05;5.9477759334330155e-05;6.160211584600758e-05;4.462152524069151e-05;6.509936115819247e-05;6.211861550445448e-05;6.498887472662254e-05;5.872100329594037e-05;9.489313551968705e-05;5.8309133255497674e-05;7.036465025917996e-05;5.479393686808791e-05;5.1593719787532426e-05;5.755372727918739e-05;4.730597054966693e-05;7.478486252281338e-05;4.714981589040236e-05;5.203815581321715e-05;5.792014460206059e-05;5.550049784674552e-05;5.157573827784569e-05;5.1450738748899026e-05;6.287408482099056e-05;5.435992375561999e-05;6.180163239412388e-05;4.747318942044404e-05;5.789670869281167e-05;4.156314408093998e-05;4.72927065212901e-05;6.642184326487462e-05;6.465642528299408e-05;4.598032127024689e-05;
8.746867404343046e-05;9.102662420240128e-05;8.381636294954578e-05;6.742986434531146e-05;9.552858025620104e-05;0.0001289629154203113;0.00014528628150602718;9.50479915676463e-05;5.8309133255497674e-05;0.0001477129716003462;0.00012382024866019003;7.40218554027167e-05;8.045286547373465e-05;8.923512630194314e-05;6.323728661019652e-05;0.00012757172223195367;5.308487932479437e-05;7.296393652952999e-05;8.302817167150162e-05;6.953922318499826e-05;7.079064166035775e-05;5.725853546863381e-05;8.1262972055466e-05;7.76824039577841e-05;9.132843591581702e-05;5.964880828966023e-05;8.147102282472912e-05;4.487093227578868e-05;6.021893332970405e-05;9.277741183724434e-05;0.00010280446116848963;6.088471828733937e-05;
0.00012559851211837054;0.00013133299764930188;0.0001558212621398481;0.00010788561022023807;0.000143152148876487;0.0001802897937287576;0.00013757702263451;0.00013587511649535756;7.036465025917996e-05;0.00012382024866019003;0.0003023467919704165;0.00010886777157195264;0.00010942713771215804;0.00013052801310778326;8.144051368602283e-05;0.00025478299219930243;6.80421491657684e-05;9.835650825792218e-05;0.00012955352996231502;0.00011515635741883942;9.691683439278285e-05;6.663267971897416e-05;0.00012470959033096207;0.00011709156178411343;0.0001380958255592641;7.207839655591264e-05;0.00013488993132863445;5.959164628706767e-05;0.00010062947293745054;0.00014379370836083572;0.00014989149885725935;7.530375401477811e-05;
8.09690873191263e-05;8.215045689787944e-05;9.192140507436677e-05;7.597179134308254e-05;9.266607767804165e-05;9.276214963195956e-05;8.003011020708291e-05;8.197840937235299e-05;5.479393686808791e-05;7.40218554027167e-05;0.00010886777157195264;0.0001622385064795111;6.63231130550128e-05;7.93693856101192e-05;5.819616038549031e-05;0.00011283659745109716;5.689009627489087e-05;6.678671501710838e-05;8.379260742552358e-05;9.180603092396133e-05;6.862702762109435e-05;5.040977380641243e-05;7.67936426608225e-05;8.257995055417058e-05;8.729919906326219e-05;5.421226975029877e-05;9.282982273208981e-05;5.931469995407645e-05;7.356518714994553e-05;9.730202572882877e-05;8.75616070763005e-05;5.233220283896166e-05;
8.189471168963309e-05;7.910304598115725e-05;7.823168469043257e-05;7.453878928650142e-05;9.020967038324305e-05;0.00010328000888112157;8.865248416253465e-05;9.633022534125117e-05;5.1593719787532426e-05;8.045286547373465e-05;0.00010942713771215804;6.63231130550128e-05;0.00016128664939624163;9.250132352606317e-05;5.346434035535122e-05;0.00010760719911363196;5.130100242107825e-05;6.166417381591614e-05;9.118420219279406e-05;6.777290061262753e-05;5.695953709088035e-05;4.625287341264496e-05;6.771193284152237e-05;7.349772834038593e-05;8.903736280134362e-05;5.031081999808977e-05;7.920524654852885e-05;4.0708561751823996e-05;6.19999937070143e-05;8.08716182697655e-05;9.0523965332582e-05;5.388568645847252e-05;
8.937544659757072e-05;9.534956599528663e-05;9.656911081548022e-05;9.068508040331079e-05;0.00010285301489067613;0.00012310193080795195;0.00010055804949955838;0.00011974505612038959;5.755372727918739e-05;8.923512630194314e-05;0.00013052801310778326;7.93693856101192e-05;9.250132352606317e-05;0.00022052768019223404;6.014905745799132e-05;0.00012909845592658605;5.501297522442664e-05;7.443916710284787e-05;0.0001261300773494172;8.148200389541253e-05;7.222615262227728e-05;5.084673689221089e-05;7.953347155888463e-05;7.991100643648737e-05;9.746897519871046e-05;5.698624131280751e-05;8.992482843239643e-05;4.257319124358343e-05;6.99364545967074e-05;9.932653321119406e-05;0.00010179613969429275;6.048034840716724e-05;
6.257712591749248e-05;6.757893869727854e-05;6.665710070250345e-05;4.6225039961152814e-05;6.990217481160736e-05;6.949320897603124e-05;6.838860402408563e-05;6.589676403143218e-05;4.730597054966693e-05;6.323728661019652e-05;8.144051368602283e-05;5.819616038549031e-05;5.346434035535122e-05;6.014905745799132e-05;8.23493202204792e-05;8.439222715775096e-05;4.5757381980364625e-05;6.561957123885797e-05;5.995499893086243e-05;5.643816248539769e-05;6.20585333785829e-05;4.750079241765248e-05;6.110800344699486e-05;6.575956991068542e-05;6.643182498868301e-05;4.6459644238076884e-05;6.769621187778323e-05;4.174307166918707e-05;5.76120139478833e-05;6.727283187425828e-05;6.799986914760897e-05;4.4480343492902064e-05;
0.0001270499836990655;0.00013415128326399272;0.00015928369236314726;0.00010554862010993204;0.00014380320303525887;0.000176545599750093;0.00014341727036047455;0.00014100416537784824;7.478486252281338e-05;0.00012757172223195367;0.00025478299219930243;0.00011283659745109716;0.00010760719911363196;0.00012909845592658605;8.439222715775096e-05;0.00030471467815827247;7.180456138093464e-05;0.00010091087065998159;0.00013041215357384892;0.00011887462668989185;0.00010150940326441205;6.951907519669763e-05;0.00013209196289115584;0.00012317304931403384;0.00013634918191230653;7.772268810959612e-05;0.00013188624539269906;6.468135597190855e-05;9.820086849576474e-05;0.0001434848776356228;0.00015425120848121918;7.810734505418732e-05;
5.662864583980733e-05;5.768459593701735e-05;5.441479347490394e-05;5.3037194694326356e-05;6.281893366214402e-05;6.237858141242026e-05;5.852030145406591e-05;6.0604991197002634e-05;4.714981589040236e-05;5.308487932479437e-05;6.80421491657684e-05;5.689009627489087e-05;5.130100242107825e-05;5.501297522442664e-05;4.5757381980364625e-05;7.180456138093464e-05;9.625081296876667e-05;5.0869754323515106e-05;6.27196340487808e-05;6.543609872422023e-05;4.676320052726727e-05;4.067998414155893e-05;5.604963140637356e-05;5.292498895391032e-05;5.3390912001069576e-05;4.010769051973995e-05;6.111883980516095e-05;3.831901656635828e-05;5.081159078864749e-05;5.9190539302176865e-05;6.299166086992346e-05;3.844439507727162e-05;
7.298347521390328e-05;7.450064900148468e-05;7.945155468186285e-05;5.5464640848157035e-05;8.208962351203677e-05;8.379496025824203e-05;8.163225842942594e-05;7.852596453885718e-05;5.203815581321715e-05;7.296393652952999e-05;9.835650825792218e-05;6.678671501710838e-05;6.166417381591614e-05;7.443916710284787e-05;6.561957123885797e-05;0.00010091087065998159;5.0869754323515106e-05;0.00014685652077476164;7.176148621963185e-05;6.458405543894645e-05;8.57845870094261e-05;5.3104151125828315e-05;7.062324964705309e-05;7.434993301215739e-05;7.440130663204055e-05;5.609682581738875e-05;7.827712550097765e-05;4.682554060624065e-05;6.818156584425325e-05;7.864821117421113e-05;7.849945327501108e-05;5.306013535511375e-05;
9.05423044286215e-05;8.955215853208875e-05;9.580187853544734e-05;9.53210418423605e-05;9.414051488413728e-05;0.0001215433436171536;9.821184580447455e-05;0.00011610538545432212;5.792014460206059e-05;8.302817167150162e-05;0.00012955352996231502;8.379260742552358e-05;9.118420219279406e-05;0.0001261300773494172;5.995499893086243e-05;0.00013041215357384892;6.27196340487808e-05;7.176148621963185e-05;0.00023480593655593056;8.712550815590882e-05;7.000104891084504e-05;5.7354465564859126e-05;8.184393922493132e-05;8.853309365473679e-05;9.423000644963313e-05;6.0822763123590945e-05;9.900222947555471e-05;5.178265803663017e-05;7.964158228562504e-05;9.921750338248084e-05;9.623174937053946e-05;5.7966391111635266e-05;
8.21479500722233e-05;8.224319805199683e-05;9.835133932053629e-05;7.767553687075292e-05;0.00010138199198600045;9.784272648240803e-05;7.820486653688543e-05;8.775043851900827e-05;5.550049784674552e-05;6.953922318499826e-05;0.00011515635741883942;9.180603092396133e-05;6.777290061262753e-05;8.148200389541253e-05;5.643816248539769e-05;0.00011887462668989185;6.543609872422023e-05;6.458405543894645e-05;8.712550815590882e-05;0.00021795593526818997;6.549191661297946e-05;4.8481229890507285e-05;7.522012804781389e-05;8.665544718666196e-05;8.802468551372965e-05;4.9267997867610476e-05;0.00010050860314351563;5.1274457126994824e-05;7.075378739613079e-05;9.942510011639758e-05;8.804266677287905e-05;4.948936473341111e-05;
7.15710299671788e-05;7.416200544525486e-05;7.927903833595257e-05;5.693332183185892e-05;7.561702999605545e-05;7.99380671976242e-05;7.915049618760615e-05;7.151875067504884e-05;5.157573827784569e-05;7.079064166035775e-05;9.691683439278285e-05;6.862702762109435e-05;5.695953709088035e-05;7.222615262227728e-05;6.20585333785829e-05;0.00010150940326441205;4.676320052726727e-05;8.57845870094261e-05;7.000104891084504e-05;6.549191661297946e-05;0.00013061625353643527;5.091541331166883e-05;7.260519652333631e-05;8.110080916121585e-05;7.423299547359715e-05;5.0661627218054724e-05;8.304130845160054e-05;4.5161885490352534e-05;7.066104803583617e-05;8.17432511839934e-05;8.390083665307913e-05;4.9171340836104044e-05;
5.472858757094582e-05;5.7613024300157066e-05;5.4974208171446124e-05;4.217878463005998e-05;5.8289544831152725e-05;5.82431007252815e-05;6.207926452274845e-05;5.4271645174638495e-05;5.1450738748899026e-05;5.725853546863381e-05;6.663267971897416e-05;5.040977380641243e-05;4.625287341264496e-05;5.084673689221089e-05;4.750079241765248e-05;6.951907519669763e-05;4.067998414155893e-05;5.3104151125828315e-05;5.7354465564859126e-05;4.8481229890507285e-05;5.091541331166883e-05;8.594863443045423e-05;5.7078091581546306e-05;5.182880698252191e-05;5.6673037139681465e-05;4.4257266439116064e-05;5.671277993477378e-05;4.393021404188333e-05;5.291713893254906e-05;6.008401839006675e-05;6.003491974461093e-05;4.346135714693932e-05;
8.304441090082142e-05;8.912678181134522e-05;9.384537669335262e-05;5.942886164368023e-05;9.373462881959686e-05;0.00010199864027917956;9.050432978020161e-05;8.456113988761175e-05;6.287408482099056e-05;8.1262972055466e-05;0.00012470959033096207;7.67936426608225e-05;6.771193284152237e-05;7.953347155888463e-05;6.110800344699486e-05;0.00013209196289115584;5.604963140637356e-05;7.062324964705309e-05;8.184393922493132e-05;7.522012804781389e-05;7.260519652333631e-05;5.7078091581546306e-05;0.00013799477422616398;8.633443229133957e-05;8.864500543167477e-05;5.8903791692831215e-05;8.524692218109469e-05;5.067605559197043e-05;7.163072267077312e-05;9.652821153038058e-05;9.492385079671535e-05;5.719241157199015e-05;
8.488182059950175e-05;8.1747712873923e-05;9.439844849034065e-05;8.115267345628337e-05;9.692320991972297e-05;9.969730483555813e-05;8.807300563467173e-05;8.759115420408625e-05;5.435992375561999e-05;7.76824039577841e-05;0.00011709156178411343;8.257995055417058e-05;7.349772834038593e-05;7.991100643648737e-05;6.575956991068542e-05;0.00012317304931403384;5.292498895391032e-05;7.434993301215739e-05;8.853309365473679e-05;8.665544718666196e-05;8.110080916121585e-05;5.182880698252191e-05;8.633443229133957e-05;0.00021396412862099816;9.196195762506755e-05;4.635208444713025e-05;9.189757245135222e-05;5.0642108498824536e-05;7.944130632760202e-05;9.672702415641439e-05;9.512256758490002e-05;4.8915283452189714e-05;
9.66589937368399e-05;0.00010866971436423252;0.0001104909253871646;8.244628621934028e-05;0.00012610050584480382;0.00014315343125147632;0.00010405895368217392;0.0001066010202067029;6.180163239412388e-05;9.132843591581702e-05;0.0001380958255592641;8.729919906326219e-05;8.903736280134362e-05;9.746897519871046e-05;6.643182498868301e-05;0.00013634918191230653;5.3390912001069576e-05;7.440130663204055e-05;9.423000644963313e-05;8.802468551372965e-05;7.423299547359715e-05;5.6673037139681465e-05;8.864500543167477e-05;9.196195762506755e-05;0.00016512121403369052;5.9491952640165764e-05;9.903348177724653e-05;5.329398389811794e-05;8.091931995496633e-05;0.00010990884043976343;0.00011024187106989611;5.935975785422111e-05;
5.710452268683196e-05;5.894217379426103e-05;6.325139760000191e-05;4.496186550671675e-05;6.105343228638818e-05;6.721247430257431e-05;6.585147821387647e-05;5.400460932812358e-05;4.747318942044404e-05;5.964880828966023e-05;7.207839655591264e-05;5.421226975029877e-05;5.031081999808977e-05;5.698624131280751e-05;4.6459644238076884e-05;7.772268810959612e-05;4.010769051973995e-05;5.609682581738875e-05;6.0822763123590945e-05;4.9267997867610476e-05;5.0661627218054724e-05;4.4257266439116064e-05;5.8903791692831215e-05;4.635208444713025e-05;5.9491952640165764e-05;0.00010445406901447863;5.830274265671141e-05;4.277660444183227e-05;4.786440003321857e-05;6.197896162928648e-05;6.541259383695235e-05;7.38931145174555e-05;
9.282178778491148e-05;9.271971769145042e-05;0.00012033734608692414;8.720793331730329e-05;0.00010601465363715642;0.00010884721886895719;9.269613000673873e-05;9.733413502905105e-05;5.789670869281167e-05;8.147102282472912e-05;0.00013488993132863445;9.282982273208981e-05;7.920524654852885e-05;8.992482843239643e-05;6.769621187778323e-05;0.00013188624539269906;6.111883980516095e-05;7.827712550097765e-05;9.900222947555471e-05;0.00010050860314351563;8.304130845160054e-05;5.671277993477378e-05;8.524692218109469e-05;9.189757245135222e-05;9.903348177724653e-05;5.830274265671141e-05;0.00021173070532233112;5.141418505001446e-05;8.125491349340621e-05;0.00010523242737084608;9.921992188352228e-05;5.4923049264168424e-05;
5.059564091114348e-05;5.022956640165609e-05;5.051644081072752e-05;3.933269327068036e-05;5.53095031796118e-05;4.9028696593882625e-05;4.863591946031869e-05;5.040534892406242e-05;4.156314408093998e-05;4.487093227578868e-05;5.959164628706767e-05;5.931469995407645e-05;4.0708561751823996e-05;4.257319124358343e-05;4.174307166918707e-05;6.468135597190855e-05;3.831901656635828e-05;4.682554060624065e-05;5.178265803663017e-05;5.1274457126994824e-05;4.5161885490352534e-05;4.393021404188333e-05;5.067605559197043e-05;5.0642108498824536e-05;5.329398389811794e-05;4.277660444183227e-05;5.141418505001446e-05;0.00011765918478749832;5.020294920484208e-05;5.7979179636746594e-05;5.135435012373699e-05;4.056144543081262e-05;
7.142086416213239e-05;7.216684030369699e-05;7.54737811889834e-05;7.179631006851751e-05;8.560605726823732e-05;8.190286732103462e-05;7.112127823508552e-05;7.083821624686758e-05;4.72927065212901e-05;6.021893332970405e-05;0.00010062947293745054;7.356518714994553e-05;6.19999937070143e-05;6.99364545967074e-05;5.76120139478833e-05;9.820086849576474e-05;5.081159078864749e-05;6.818156584425325e-05;7.964158228562504e-05;7.075378739613079e-05;7.066104803583617e-05;5.291713893254906e-05;7.163072267077312e-05;7.944130632760202e-05;8.091931995496633e-05;4.786440003321857e-05;8.125491349340621e-05;5.020294920484208e-05;0.00027288329389193116;8.29179922528439e-05;7.575006551644323e-05;4.3996782918921565e-05;
9.793332327427651e-05;0.00010165759503615778;0.00010965030419204088;8.220047055050558e-05;0.00011660541994452871;0.00012327601587691905;0.00010212343455049277;0.0001047025773838103;6.642184326487462e-05;9.277741183724434e-05;0.00014379370836083572;9.730202572882877e-05;8.08716182697655e-05;9.932653321119406e-05;6.727283187425828e-05;0.0001434848776356228;5.9190539302176865e-05;7.864821117421113e-05;9.921750338248084e-05;9.942510011639758e-05;8.17432511839934e-05;6.008401839006675e-05;9.652821153038058e-05;9.672702415641439e-05;0.00010990884043976343;6.197896162928648e-05;0.00010523242737084608;5.7979179636746594e-05;8.29179922528439e-05;0.00019470491859222933;0.00010724546105146368;6.427714989566593e-05;
9.759957662453562e-05;0.0001101545170395252;0.00011062482828847473;8.162138276987754e-05;0.00011521210941061057;0.00014222785903148964;0.00011639404945173199;0.00010528060344795783;6.465642528299408e-05;0.00010280446116848963;0.00014989149885725935;8.75616070763005e-05;9.0523965332582e-05;0.00010179613969429275;6.799986914760897e-05;0.00015425120848121918;6.299166086992346e-05;7.849945327501108e-05;9.623174937053946e-05;8.804266677287905e-05;8.390083665307913e-05;6.003491974461093e-05;9.492385079671535e-05;9.512256758490002e-05;0.00011024187106989611;6.541259383695235e-05;9.921992188352228e-05;5.135435012373699e-05;7.575006551644323e-05;0.00010724546105146368;0.0001758480687424131;6.548550613191123e-05;
5.673459381752224e-05;5.8425410188164804e-05;6.011930631061291e-05;4.664990147415708e-05;5.870492875522998e-05;7.146034641480317e-05;6.517865840284607e-05;5.946619396486312e-05;4.598032127024689e-05;6.088471828733937e-05;7.530375401477811e-05;5.233220283896166e-05;5.388568645847252e-05;6.048034840716724e-05;4.4480343492902064e-05;7.810734505418732e-05;3.844439507727162e-05;5.306013535511375e-05;5.7966391111635266e-05;4.948936473341111e-05;4.9171340836104044e-05;4.346135714693932e-05;5.719241157199015e-05;4.8915283452189714e-05;5.935975785422111e-05;7.38931145174555e-05;5.4923049264168424e-05;4.056144543081262e-05;4.3996782918921565e-05;6.427714989566593e-05;6.548550613191123e-05;9.396561178073981e-05;
