8.237422099669979e-05;9.178269834038068e-05;0.00010315621263774868;6.819950772667363e-05;0.00010135301525464816;0.00011917969749231276;9.066027685526776e-05;8.956933082414561e-05;5.646447872726616e-05;8.358100940959494e-05;0.00010827261459884401;8.00085794760864e-05;7.635256016976306e-05;8.309077198015299e-05;5.729790999358567e-05;0.00012076013940401301;5.0619851569691564e-05;6.586863437544832e-05;8.234471639647155e-05;7.835973914880553e-05;7.014468658881056e-05;4.832945274992976e-05;7.933421087266819e-05;8.114278382438652e-05;9.747163349928206e-05;5.4730901729571776e-05;8.409034363582702e-05;4.664813207825065e-05;6.809564910188687e-05;9.730492512942245e-05;9.922754629370627e-05;5.6615090548768996e-05;
9.178269834038068e-05;0.00014317994506893438;0.00011352378155994403;7.5856512788816e-05;0.0001121772481764904;0.00013483235917864268;9.825708129406086e-05;0.0001010525507119303;5.916219587359986e-05;9.034523888227686e-05;0.00012187470016672377;8.686499298527932e-05;7.703393108146209e-05;9.470445751219938e-05;6.39361935009604e-05;0.00013447571821817756;5.299122334122286e-05;7.148757304316255e-05;8.636342752866336e-05;8.65538866107563e-05;7.700232197534376e-05;5.180078289899728e-05;8.909571747500572e-05;8.463463171661488e-05;0.00011419579072702459;5.838685267581912e-05;9.376734371822188e-05;4.761111754067421e-05;7.515639978162818e-05;0.00010757293283954363;0.00011569791629841854;5.8072398614740475e-05;
0.00010315621263774868;0.00011352378155994403;0.00022372840543545718;8.794482928045055e-05;0.00012883680426173177;0.00014441269551867652;0.00010451874443431114;0.00010329504553530681;6.881697246142616e-05;9.583603433493109e-05;0.0001528360676444423;0.00010380942532819467;7.834111872977439e-05;0.00010111779066475374;6.87941119705255e-05;0.0001720817265205236;5.9677611979548016e-05;7.853102066533619e-05;0.00010179103362403443;0.00010437230995924541;8.433266915443913e-05;5.611249766358471e-05;9.789664847466161e-05;9.531174202046028e-05;0.00012186422704029109;7.110032579716734e-05;0.00012946325832529802;5.5621918601291856e-05;7.940778917254466e-05;0.00012404730481477088;0.000126394470677671;6.93735114094961e-05;
6.819950772667363e-05;7.5856512788816e-05;8.794482928045055e-05;0.00027231891851258583;8.727860412000624e-05;0.00011072500138048974;7.086598654883169e-05;8.65245762375693e-05;4.4465439179213086e-05;5.995183605952429e-05;8.785421081218486e-05;7.200629751372001e-05;6.852981094979562e-05;8.014085767103627e-05;4.0270282657455986e-05;9.31824114077703e-05;4.4995101099051736e-05;4.524686275765408e-05;7.814659019453794e-05;7.141570457662285e-05;5.470981924588104e-05;3.4705720733303294e-05;5.567410090571232e-05;7.590640471135562e-05;7.923944951364655e-05;4.212925988010334e-05;7.54759292772462e-05;3.582322377316338e-05;6.182515762452419e-05;7.680972401295381e-05;7.930474211344157e-05;4.430838436324516e-05;
0.00010135301525464816;0.0001121772481764904;0.00012883680426173177;8.727860412000624e-05;0.00022114794683425059;0.00014515099926112613;9.779323348474418e-05;0.00010661736584350152;6.356136869423681e-05;9.214344192090565e-05;0.00012597402134839058;9.651387284233057e-05;8.497375596019245e-05;9.802228245306708e-05;6.550349518865355e-05;0.00014040591477137014;5.9147311874798225e-05;7.51719668689441e-05;9.139872182509589e-05;9.73893641920722e-05;8.03849203119102e-05;5.060435068893294e-05;9.1319816901294e-05;9.657999393654719e-05;0.00013117372998993604;5.8280072822541885e-05;0.0001023916792006167;5.0554514833621777e-05;8.573060521017048e-05;0.00012068651585285516;0.00012049310028814498;6.0064192582452806e-05;
0.00011917969749231276;0.00013483235917864268;0.00014441269551867652;0.00011072500138048974;0.00014515099926112613;0.0002810629461056807;0.0001404857629701068;0.00012921018577581337;6.723049770615379e-05;0.0001244012305338196;0.0001604563795315397;0.0001058037361823228;9.921804223947559e-05;0.00012021196703760182;6.87095077919079e-05;0.00017546021173236995;6.551477390964668e-05;8.381221818086467e-05;0.00011794608348048866;0.00011143646065794856;8.776260388119172e-05;5.469323681644569e-05;0.00010761234170985708;0.00010699087432310349;0.00015221745643044762;6.910598550917044e-05;0.00011378508484318523;5.13980958411863e-05;9.025973558788938e-05;0.00013211708041376455;0.00014911690481742175;7.393117378227795e-05;
9.066027685526776e-05;9.825708129406086e-05;0.00010451874443431114;7.086598654883169e-05;9.779323348474418e-05;0.0001404857629701068;0.00016290057170411035;9.191269450579232e-05;6.131107146995373e-05;0.0001222175307094079;0.00011525107040095382;8.069554623772287e-05;7.578232274029928e-05;8.56794366451551e-05;5.9666679584380585e-05;0.00013006658547117645;5.089561002225211e-05;7.232885719983518e-05;8.558439237798037e-05;7.706725764219329e-05;7.872392396847854e-05;5.0345978596430554e-05;8.420292534237573e-05;8.832714368971733e-05;0.00010203293340695378;5.808701542385158e-05;8.428788263566107e-05;4.278138777998725e-05;6.887831143560806e-05;9.830340932549349e-05;0.00011334087597185985;5.978412806097401e-05;
8.956933082414561e-05;0.0001010525507119303;0.00010329504553530681;8.65245762375693e-05;0.00010661736584350152;0.00012921018577581337;9.191269450579232e-05;0.00030881907520165133;5.363592807111109e-05;8.591638974422368e-05;0.0001250951706505457;7.935578403837521e-05;8.818287126645832e-05;0.00010899316170164345;5.776956145408435e-05;0.00013546802892203802;5.133543628384716e-05;6.63644663276879e-05;0.0001111730680206273;8.602970134243182e-05;6.77937476513524e-05;4.797358057542317e-05;8.026301127016694e-05;8.479176999793165e-05;0.0001068781754757154;4.763549048824616e-05;8.857771065682126e-05;4.7462508586563753e-05;6.420365022410142e-05;0.00010469890869747758;0.00011044812689127776;5.588340847948723e-05;
5.646447872726616e-05;5.916219587359986e-05;6.881697246142616e-05;4.4465439179213086e-05;6.356136869423681e-05;6.723049770615379e-05;6.131107146995373e-05;5.363592807111109e-05;9.193469794724806e-05;5.748068521317596e-05;6.150451078590821e-05;5.3321882083819615e-05;5.0918901231180825e-05;5.575584985480244e-05;4.329624507403287e-05;7.171687202793826e-05;4.2483411087082784e-05;4.8435977163055786e-05;5.489289657845762e-05;5.487589159709803e-05;5.1600181697837075e-05;4.493689003834306e-05;5.752005180545821e-05;5.437554154315065e-05;6.370907239856408e-05;4.360611677010343e-05;5.18896270424361e-05;3.88064661121766e-05;4.612195439446098e-05;6.662425276151635e-05;6.663993974731062e-05;4.453042634925374e-05;
8.358100940959494e-05;9.034523888227686e-05;9.583603433493109e-05;5.995183605952429e-05;9.214344192090565e-05;0.0001244012305338196;0.0001222175307094079;8.591638974422368e-05;5.748068521317596e-05;0.00013154506190258202;0.00010649707933177086;7.58067095463267e-05;7.175504333505404e-05;8.185931797597575e-05;5.7297440227547725e-05;0.00012055983906241499;4.801001608146089e-05;6.688105533903676e-05;8.113720546633456e-05;7.171709968849707e-05;7.318352045182982e-05;4.914724596399075e-05;7.84721660773436e-05;8.329200098493464e-05;9.348088129578211e-05;5.462843272832557e-05;7.793443020042544e-05;4.047463607077761e-05;6.039933076831783e-05;9.181201912402896e-05;0.00010410815348874777;5.951933700935497e-05;
0.00010827261459884401;0.00012187470016672377;0.0001528360676444423;8.785421081218486e-05;0.00012597402134839058;0.0001604563795315397;0.00011525107040095382;0.0001250951706505457;6.150451078590821e-05;0.00010649707933177086;0.00028343556827363427;0.00010104818186654296;8.976441708116522e-05;0.00010803054379084117;6.897089693621632e-05;0.00023715522449417446;5.3473774464016695e-05;8.114439033366701e-05;0.0001087479589034925;9.798163309218253e-05;8.568857225422791e-05;5.326139021351046e-05;0.0001112179896782701;0.00010441951669643372;0.0001251097985084508;6.362825669117486e-05;0.00011045977808756914;5.332422713444652e-05;8.252173366170674e-05;0.00013114709416416756;0.00014152619925545697;6.862738561326425e-05;
8.00085794760864e-05;8.686499298527932e-05;0.00010380942532819467;7.200629751372001e-05;9.651387284233057e-05;0.0001058037361823228;8.069554623772287e-05;7.935578403837521e-05;5.3321882083819615e-05;7.58067095463267e-05;0.00010104818186654296;0.00016932430276095096;6.40607985332228e-05;8.036814702164268e-05;5.415366260783048e-05;0.00011450923818342446;5.1410429321310033e-05;6.017435469203116e-05;7.85687639810812e-05;8.837962388592075e-05;6.871083528470348e-05;4.701005705763172e-05;7.427310810980562e-05;8.261615671119407e-05;9.224824221017062e-05;5.2510208974406346e-05;8.40935609548209e-05;5.675820803716092e-05;6.992082455834543e-05;9.817699968501053e-05;9.522276929565694e-05;5.347841602431483e-05;
7.635256016976306e-05;7.703393108146209e-05;7.834111872977439e-05;6.852981094979562e-05;8.497375596019245e-05;9.921804223947559e-05;7.578232274029928e-05;8.818287126645832e-05;5.0918901231180825e-05;7.175504333505404e-05;8.976441708116522e-05;6.40607985332228e-05;0.0001407174109664936;8.194716572450708e-05;4.823620976378138e-05;9.910004256950974e-05;4.6405214698777976e-05;5.3618017363314034e-05;8.284248113216352e-05;6.486497443485631e-05;5.712274582059903e-05;3.914576224813426e-05;6.561624217712707e-05;7.593640052670279e-05;8.459260842680906e-05;4.525758851675359e-05;6.938066712320522e-05;3.6069496676177545e-05;6.0773250466955474e-05;7.938641009138582e-05;8.732432888475609e-05;5.247410831100876e-05;
8.309077198015299e-05;9.470445751219938e-05;0.00010111779066475374;8.014085767103627e-05;9.802228245306708e-05;0.00012021196703760182;8.56794366451551e-05;0.00010899316170164345;5.575584985480244e-05;8.185931797597575e-05;0.00010803054379084117;8.036814702164268e-05;8.194716572450708e-05;0.0002150755175409033;5.258037238102535e-05;0.00012154128310410717;4.6680743749477736e-05;6.421460349581699e-05;0.00011481926297713216;8.080487959448902e-05;6.973483615787972e-05;4.3518963133427334e-05;7.51536074651442e-05;7.51681202535543e-05;9.547422092403102e-05;5.220998073699032e-05;7.635987943429425e-05;4.3174954737856106e-05;6.554536783240449e-05;9.569008688740615e-05;0.00010064944014399097;5.756041783321823e-05;
5.729790999358567e-05;6.39361935009604e-05;6.87941119705255e-05;4.0270282657455986e-05;6.550349518865355e-05;6.87095077919079e-05;5.9666679584380585e-05;5.776956145408435e-05;4.329624507403287e-05;5.7297440227547725e-05;6.897089693621632e-05;5.415366260783048e-05;4.823620976378138e-05;5.258037238102535e-05;7.640398262767695e-05;7.639377630876641e-05;3.739226447723721e-05;5.616497318004717e-05;5.114657656502793e-05;5.22279774618824e-05;5.778934321964192e-05;4.140037414915425e-05;5.445339294868073e-05;5.903258783041275e-05;6.478947106225986e-05;4.346053650179268e-05;5.913972707592083e-05;3.7042856477033835e-05;5.264651715955294e-05;6.369381340889462e-05;6.615355143864444e-05;4.214892247502605e-05;
0.00012076013940401301;0.00013447571821817756;0.0001720817265205236;9.31824114077703e-05;0.00014040591477137014;0.00017546021173236995;0.00013006658547117645;0.00013546802892203802;7.171687202793826e-05;0.00012055983906241499;0.00023715522449417446;0.00011450923818342446;9.910004256950974e-05;0.00012154128310410717;7.639377630876641e-05;0.00031003516908665343;5.99727465976853e-05;8.991469728811099e-05;0.00011767331568903916;0.00011013815062655494;9.85506602667106e-05;6.141201080689616e-05;0.0001268950380920061;0.0001163523087140892;0.00013512721094453253;7.737622201091445e-05;0.00011998623008404815;5.959049749520139e-05;9.373735418414677e-05;0.0001462394187538113;0.00016175272290315138;8.110894067669674e-05;
5.0619851569691564e-05;5.299122334122286e-05;5.9677611979548016e-05;4.4995101099051736e-05;5.9147311874798225e-05;6.551477390964668e-05;5.089561002225211e-05;5.133543628384716e-05;4.2483411087082784e-05;4.801001608146089e-05;5.3473774464016695e-05;5.1410429321310033e-05;4.6405214698777976e-05;4.6680743749477736e-05;3.739226447723721e-05;5.99727465976853e-05;8.484611599529884e-05;4.42091731277834e-05;5.176139260498736e-05;6.0339407098225606e-05;4.408909888302539e-05;3.334253564379956e-05;4.910888812205994e-05;4.9349961757962635e-05;5.244473928161563e-05;3.3747827147524845e-05;5.234808457263793e-05;3.248444144297516e-05;4.578528085398967e-05;5.494595286696996e-05;5.75624412918077e-05;3.5125132986582914e-05;
6.586863437544832e-05;7.148757304316255e-05;7.853102066533619e-05;4.524686275765408e-05;7.51719668689441e-05;8.381221818086467e-05;7.232885719983518e-05;6.63644663276879e-05;4.8435977163055786e-05;6.688105533903676e-05;8.114439033366701e-05;6.017435469203116e-05;5.3618017363314034e-05;6.421460349581699e-05;5.616497318004717e-05;8.991469728811099e-05;4.42091731277834e-05;0.0001350988851617028;5.912062041992051e-05;5.866030600870666e-05;7.710094564615572e-05;4.6095117237024937e-05;6.361063912756826e-05;6.656755905691452e-05;7.179822172329981e-05;5.023276569105824e-05;6.32970091722674e-05;3.99094938818131e-05;5.94443477974389e-05;7.593476683044942e-05;7.497565420577308e-05;5.0674790920715026e-05;
8.234471639647155e-05;8.636342752866336e-05;0.00010179103362403443;7.814659019453794e-05;9.139872182509589e-05;0.00011794608348048866;8.558439237798037e-05;0.0001111730680206273;5.489289657845762e-05;8.113720546633456e-05;0.0001087479589034925;7.85687639810812e-05;8.284248113216352e-05;0.00011481926297713216;5.114657656502793e-05;0.00011767331568903916;5.176139260498736e-05;5.912062041992051e-05;0.000212625336635636;7.92033676463034e-05;6.316584401552457e-05;4.590096826067595e-05;7.30580467446688e-05;7.973149571795541e-05;9.165256162217629e-05;5.466942202131635e-05;7.51691645136776e-05;4.972186264599919e-05;6.909321518667361e-05;9.488399167092794e-05;9.318607598984475e-05;5.6781945758117455e-05;
7.835973914880553e-05;8.65538866107563e-05;0.00010437230995924541;7.141570457662285e-05;9.73893641920722e-05;0.00011143646065794856;7.706725764219329e-05;8.602970134243182e-05;5.487589159709803e-05;7.171709968849707e-05;9.798163309218253e-05;8.837962388592075e-05;6.486497443485631e-05;8.080487959448902e-05;5.22279774618824e-05;0.00011013815062655494;6.0339407098225606e-05;5.866030600870666e-05;7.92033676463034e-05;0.0002150297305733059;6.191411329865758e-05;4.216997616347995e-05;7.396004654717335e-05;8.108425637450774e-05;9.205066425057139e-05;4.8224669869087017e-05;9.209777495263034e-05;4.8003643353792015e-05;6.53989646018241e-05;9.680271215719645e-05;8.948862992311009e-05;4.830806495798534e-05;
7.014468658881056e-05;7.700232197534376e-05;8.433266915443913e-05;5.470981924588104e-05;8.03849203119102e-05;8.776260388119172e-05;7.872392396847854e-05;6.77937476513524e-05;5.1600181697837075e-05;7.318352045182982e-05;8.568857225422791e-05;6.871083528470348e-05;5.712274582059903e-05;6.973483615787972e-05;5.778934321964192e-05;9.85506602667106e-05;4.408909888302539e-05;7.710094564615572e-05;6.316584401552457e-05;6.191411329865758e-05;0.00013057660842802135;4.4738533742205534e-05;6.920860225133091e-05;7.48165140631641e-05;7.715274077343413e-05;5.18806579556553e-05;7.536313691128129e-05;4.105181978444172e-05;6.257726339099456e-05;8.473456814919079e-05;8.888052518676158e-05;5.122635417959639e-05;
4.832945274992976e-05;5.180078289899728e-05;5.611249766358471e-05;3.4705720733303294e-05;5.060435068893294e-05;5.469323681644569e-05;5.0345978596430554e-05;4.797358057542317e-05;4.493689003834306e-05;4.914724596399075e-05;5.326139021351046e-05;4.701005705763172e-05;3.914576224813426e-05;4.3518963133427334e-05;4.140037414915425e-05;6.141201080689616e-05;3.334253564379956e-05;4.6095117237024937e-05;4.590096826067595e-05;4.216997616347995e-05;4.4738533742205534e-05;7.757818412338973e-05;5.01574068974563e-05;4.424948511134277e-05;5.290940677677622e-05;3.844505441270881e-05;4.528895945662429e-05;3.810597090822518e-05;4.8165981145424594e-05;5.601377850128841e-05;5.560305083737604e-05;4.095508693907878e-05;
7.933421087266819e-05;8.909571747500572e-05;9.789664847466161e-05;5.567410090571232e-05;9.1319816901294e-05;0.00010761234170985708;8.420292534237573e-05;8.026301127016694e-05;5.752005180545821e-05;7.84721660773436e-05;0.0001112179896782701;7.427310810980562e-05;6.561624217712707e-05;7.51536074651442e-05;5.445339294868073e-05;0.0001268950380920061;4.910888812205994e-05;6.361063912756826e-05;7.30580467446688e-05;7.396004654717335e-05;6.920860225133091e-05;5.01574068974563e-05;0.00013563176434639525;8.31566334046278e-05;8.923724930062551e-05;5.521981406256739e-05;7.89206962938147e-05;4.839671308533788e-05;6.544107926269841e-05;9.636869741298393e-05;9.427655020791566e-05;5.567872570045511e-05;
8.114278382438652e-05;8.463463171661488e-05;9.531174202046028e-05;7.590640471135562e-05;9.657999393654719e-05;0.00010699087432310349;8.832714368971733e-05;8.479176999793165e-05;5.437554154315065e-05;8.329200098493464e-05;0.00010441951669643372;8.261615671119407e-05;7.593640052670279e-05;7.51681202535543e-05;5.903258783041275e-05;0.0001163523087140892;4.9349961757962635e-05;6.656755905691452e-05;7.973149571795541e-05;8.108425637450774e-05;7.48165140631641e-05;4.424948511134277e-05;8.31566334046278e-05;0.00021638188157833686;9.52586462543138e-05;4.3980202708766516e-05;7.972756155937343e-05;4.578528765946824e-05;6.879071641313002e-05;9.79255725666374e-05;9.559231962361656e-05;5.167042183646427e-05;
9.747163349928206e-05;0.00011419579072702459;0.00012186422704029109;7.923944951364655e-05;0.00013117372998993604;0.00015221745643044762;0.00010203293340695378;0.0001068781754757154;6.370907239856408e-05;9.348088129578211e-05;0.0001251097985084508;9.224824221017062e-05;8.459260842680906e-05;9.547422092403102e-05;6.478947106225986e-05;0.00013512721094453253;5.244473928161563e-05;7.179822172329981e-05;9.165256162217629e-05;9.205066425057139e-05;7.715274077343413e-05;5.290940677677622e-05;8.923724930062551e-05;9.52586462543138e-05;0.00016037015052269407;5.8010663246332355e-05;9.689599288254963e-05;4.9392299875333486e-05;8.516854914032727e-05;0.00011584188993884961;0.00011708579157144367;6.058755312261757e-05;
5.4730901729571776e-05;5.838685267581912e-05;7.110032579716734e-05;4.212925988010334e-05;5.8280072822541885e-05;6.910598550917044e-05;5.808701542385158e-05;4.763549048824616e-05;4.360611677010343e-05;5.462843272832557e-05;6.362825669117486e-05;5.2510208974406346e-05;4.525758851675359e-05;5.220998073699032e-05;4.346053650179268e-05;7.737622201091445e-05;3.3747827147524845e-05;5.023276569105824e-05;5.466942202131635e-05;4.8224669869087017e-05;5.18806579556553e-05;3.844505441270881e-05;5.521981406256739e-05;4.3980202708766516e-05;5.8010663246332355e-05;0.00010386802911731712;5.1505632426149436e-05;3.7849283235521404e-05;4.4419921880757126e-05;6.419037924324822e-05;6.94930261250259e-05;7.091952292515218e-05;
8.409034363582702e-05;9.376734371822188e-05;0.00012946325832529802;7.54759292772462e-05;0.0001023916792006167;0.00011378508484318523;8.428788263566107e-05;8.857771065682126e-05;5.18896270424361e-05;7.793443020042544e-05;0.00011045977808756914;8.40935609548209e-05;6.938066712320522e-05;7.635987943429425e-05;5.913972707592083e-05;0.00011998623008404815;5.234808457263793e-05;6.32970091722674e-05;7.51691645136776e-05;9.209777495263034e-05;7.536313691128129e-05;4.528895945662429e-05;7.89206962938147e-05;7.972756155937343e-05;9.689599288254963e-05;5.1505632426149436e-05;0.00025111254144165773;4.30174176159805e-05;6.515196710760713e-05;0.00010001646157874971;9.40768838571226e-05;5.394803274998364e-05;
4.664813207825065e-05;4.761111754067421e-05;5.5621918601291856e-05;3.582322377316338e-05;5.0554514833621777e-05;5.13980958411863e-05;4.278138777998725e-05;4.7462508586563753e-05;3.88064661121766e-05;4.047463607077761e-05;5.332422713444652e-05;5.675820803716092e-05;3.6069496676177545e-05;4.3174954737856106e-05;3.7042856477033835e-05;5.959049749520139e-05;3.248444144297516e-05;3.99094938818131e-05;4.972186264599919e-05;4.8003643353792015e-05;4.105181978444172e-05;3.810597090822518e-05;4.839671308533788e-05;4.578528765946824e-05;4.9392299875333486e-05;3.7849283235521404e-05;4.30174176159805e-05;8.909037812963695e-05;4.47386252440854e-05;5.7181801053892916e-05;5.131870739986288e-05;3.7155243114634895e-05;
6.809564910188687e-05;7.515639978162818e-05;7.940778917254466e-05;6.182515762452419e-05;8.573060521017048e-05;9.025973558788938e-05;6.887831143560806e-05;6.420365022410142e-05;4.612195439446098e-05;6.039933076831783e-05;8.252173366170674e-05;6.992082455834543e-05;6.0773250466955474e-05;6.554536783240449e-05;5.264651715955294e-05;9.373735418414677e-05;4.578528085398967e-05;5.94443477974389e-05;6.909321518667361e-05;6.53989646018241e-05;6.257726339099456e-05;4.8165981145424594e-05;6.544107926269841e-05;6.879071641313002e-05;8.516854914032727e-05;4.4419921880757126e-05;6.515196710760713e-05;4.47386252440854e-05;0.0002642022055251883;8.143958185221932e-05;8.173076237621235e-05;4.572407593425309e-05;
9.730492512942245e-05;0.00010757293283954363;0.00012404730481477088;7.680972401295381e-05;0.00012068651585285516;0.00013211708041376455;9.830340932549349e-05;0.00010469890869747758;6.662425276151635e-05;9.181201912402896e-05;0.00013114709416416756;9.817699968501053e-05;7.938641009138582e-05;9.569008688740615e-05;6.369381340889462e-05;0.0001462394187538113;5.494595286696996e-05;7.593476683044942e-05;9.488399167092794e-05;9.680271215719645e-05;8.473456814919079e-05;5.601377850128841e-05;9.636869741298393e-05;9.79255725666374e-05;0.00011584188993884961;6.419037924324822e-05;0.00010001646157874971;5.7181801053892916e-05;8.143958185221932e-05;0.00019035947446246367;0.00011738999532916915;6.61161601544509e-05;
9.922754629370627e-05;0.00011569791629841854;0.000126394470677671;7.930474211344157e-05;0.00012049310028814498;0.00014911690481742175;0.00011334087597185985;0.00011044812689127776;6.663993974731062e-05;0.00010410815348874777;0.00014152619925545697;9.522276929565694e-05;8.732432888475609e-05;0.00010064944014399097;6.615355143864444e-05;0.00016175272290315138;5.75624412918077e-05;7.497565420577308e-05;9.318607598984475e-05;8.948862992311009e-05;8.888052518676158e-05;5.560305083737604e-05;9.427655020791566e-05;9.559231962361656e-05;0.00011708579157144367;6.94930261250259e-05;9.40768838571226e-05;5.131870739986288e-05;8.173076237621235e-05;0.00011738999532916915;0.00019183537581854654;6.883671739342296e-05;
5.6615090548768996e-05;5.8072398614740475e-05;6.93735114094961e-05;4.430838436324516e-05;6.0064192582452806e-05;7.393117378227795e-05;5.978412806097401e-05;5.588340847948723e-05;4.453042634925374e-05;5.951933700935497e-05;6.862738561326425e-05;5.347841602431483e-05;5.247410831100876e-05;5.756041783321823e-05;4.214892247502605e-05;8.110894067669674e-05;3.5125132986582914e-05;5.0674790920715026e-05;5.6781945758117455e-05;4.830806495798534e-05;5.122635417959639e-05;4.095508693907878e-05;5.567872570045511e-05;5.167042183646427e-05;6.058755312261757e-05;7.091952292515218e-05;5.394803274998364e-05;3.7155243114634895e-05;4.572407593425309e-05;6.61161601544509e-05;6.883671739342296e-05;9.438115628353832e-05;
