7.10369357219478e-05;7.214096554388914e-05;7.101823822256753e-05;8.014158822246447e-05;9.039255172810493e-05;9.663571908719761e-05;7.425852890253866e-05;7.852725616212243e-05;3.637378262084127e-05;6.526009309791162e-05;9.320970293499843e-05;6.761408183448161e-05;6.923850976821653e-05;8.260752215487922e-05;5.355751785310815e-05;8.523688042348479e-05;4.591352239758022e-05;5.825638741498636e-05;8.601468002414209e-05;6.937286013642201e-05;5.554912481186495e-05;4.0916113945160225e-05;5.838900581123921e-05;6.932188913869154e-05;6.919547810278321e-05;4.179368919647673e-05;8.101079563115207e-05;4.637862130439473e-05;6.528400028178292e-05;6.17769745728425e-05;6.602263464200957e-05;4.516247221066016e-05;
7.214096554388914e-05;0.0001241614379097889;6.607976095574201e-05;7.435087159733283e-05;8.704844998744956e-05;0.00010731339748985198;6.93094641920429e-05;8.088128058461351e-05;4.052918576394173e-05;6.396197784901424e-05;8.451481705923666e-05;6.534170583326712e-05;6.476167797244773e-05;8.659340781261564e-05;6.083136504267953e-05;7.894246027250017e-05;4.20786366091301e-05;5.91760768771254e-05;8.337726167957158e-05;6.48610515578577e-05;5.647498588254665e-05;4.162238144005818e-05;6.255493439347035e-05;6.313122702266778e-05;7.548129214980579e-05;4.074320765163404e-05;7.600088869458373e-05;4.275826337497068e-05;6.42052427531905e-05;5.6472929222056374e-05;7.150582985606796e-05;4.3686476840866266e-05;
7.101823822256753e-05;6.607976095574201e-05;0.00016998122933361808;6.797454185166077e-05;8.242721757868149e-05;9.56071945829262e-05;6.291352970676397e-05;7.105523539668704e-05;3.064559516658572e-05;5.23281314222342e-05;0.00010849496488160557;6.700725655236047e-05;6.578074565493744e-05;7.461783404806994e-05;4.8753754201425704e-05;0.00010160499116875162;3.562560320179329e-05;5.6834116010253506e-05;8.087696493365893e-05;6.9926297285965e-05;5.6030430112829024e-05;3.4802420594095884e-05;5.452589428759583e-05;7.280014472920305e-05;6.908456946400172e-05;3.464897833314532e-05;8.723802078926723e-05;3.856240145256006e-05;6.819233046554787e-05;5.918284345582504e-05;7.061599598820794e-05;3.8794675656851765e-05;
8.014158822246447e-05;7.435087159733283e-05;6.797454185166077e-05;0.00023717298387701023;9.818369756486226e-05;0.00010488922995207908;6.816145950356972e-05;0.00010017722333067321;3.0971348913738334e-05;6.232842918786765e-05;9.708208521809817e-05;7.286492528006776e-05;7.181196501667586e-05;0.00010815700646807337;4.9649654830370204e-05;8.319620990553698e-05;4.573419519191386e-05;5.3278963893283495e-05;0.00012374157453067498;7.831445162055397e-05;5.597808414868678e-05;4.0915279706948796e-05;5.149465425540654e-05;7.692187244131284e-05;7.166297559625697e-05;2.9491474608787088e-05;0.00010241369631137028;4.4788711964589435e-05;7.228197397112827e-05;6.924342634083151e-05;6.971859534554803e-05;3.986318682544583e-05;
9.039255172810493e-05;8.704844998744956e-05;8.242721757868149e-05;9.818369756486226e-05;0.0002251130868391555;0.00013030279735613942;8.172002326462063e-05;9.021058200199282e-05;3.78783567457121e-05;7.141326367060521e-05;0.00010906847060970831;7.524430101523276e-05;7.699316188726393e-05;9.713098101700262e-05;5.7882189779083134e-05;9.942528852968015e-05;4.710786048717891e-05;5.9473154601529256e-05;9.44294893898392e-05;8.285740594867429e-05;5.40744311311133e-05;4.163982705894882e-05;6.283756167983041e-05;7.603808769030205e-05;9.392670875287386e-05;4.2238003215237536e-05;9.462234771286775e-05;5.0709537922384206e-05;7.095467558609825e-05;7.170894924834308e-05;7.98617936597238e-05;4.909240587682977e-05;
9.663571908719761e-05;0.00010731339748985198;9.56071945829262e-05;0.00010488922995207908;0.00013030279735613942;0.00027319891781945276;0.0001239396079142497;0.00010371528465067404;3.6071907081716184e-05;0.00010433146259449209;0.00013185924732831163;7.947001703731219e-05;8.715496894180208e-05;0.00011501123792003505;5.4373042250294385e-05;0.00011593665307057122;4.5518802740479625e-05;6.108013434886954e-05;0.00011135942156947229;7.886182569062648e-05;6.113240596755685e-05;3.934526262318367e-05;6.656183739588283e-05;7.297126769408251e-05;9.87865907520882e-05;4.003794793273068e-05;9.719085769967248e-05;4.270198422191541e-05;6.913654108660748e-05;6.981273682033524e-05;9.804151578322632e-05;5.7452331748473024e-05;
7.425852890253866e-05;6.93094641920429e-05;6.291352970676397e-05;6.816145950356972e-05;8.172002326462063e-05;0.0001239396079142497;0.00019162419321463366;7.986314673868359e-05;3.7135507512644793e-05;0.0001278475494892838;9.328048161805455e-05;5.9659021211561444e-05;6.867456486001907e-05;8.116405769384933e-05;5.1046662659387424e-05;9.267593136534814e-05;4.3726664206575246e-05;5.9095180633261064e-05;8.125645435937973e-05;5.457210165709544e-05;5.185191755219775e-05;4.273776131407977e-05;5.679276336358755e-05;5.9288312361375e-05;6.335832623276213e-05;4.7551888367916535e-05;7.124848787788255e-05;3.722422559894099e-05;5.89541318415301e-05;5.881630240840135e-05;8.136770722404119e-05;5.1217397096012317e-05;
7.852725616212243e-05;8.088128058461351e-05;7.105523539668704e-05;0.00010017722333067321;9.021058200199282e-05;0.00010371528465067404;7.986314673868359e-05;0.00017766422523803985;3.6934971001544384e-05;6.999641822757737e-05;9.339275642300236e-05;7.23707972812727e-05;8.291109627201153e-05;0.0001166263869936678;6.02678610544064e-05;9.041407504521205e-05;4.8074221266293246e-05;6.582174012581883e-05;0.00011514706857201127;7.924142264705132e-05;6.280405326480147e-05;4.4310583682918344e-05;5.8270632066732405e-05;6.601245761232389e-05;7.572710692183726e-05;4.599840164052252e-05;9.388866832594207e-05;5.581141525615006e-05;7.321103003082424e-05;7.252126661088606e-05;6.860755638832594e-05;5.1732184989995224e-05;
3.637378262084127e-05;4.052918576394173e-05;3.064559516658572e-05;3.0971348913738334e-05;3.78783567457121e-05;3.6071907081716184e-05;3.7135507512644793e-05;3.6934971001544384e-05;8.105178951447906e-05;3.434715261501702e-05;3.0759615479826686e-05;3.421914648598501e-05;3.728604322762721e-05;3.943222086085521e-05;3.70510572148739e-05;3.2769972080662924e-05;3.6035795816564635e-05;3.75438993260792e-05;4.2981744284004736e-05;3.733802562374485e-05;3.0301935875739413e-05;4.677861457783683e-05;4.1479000666928834e-05;3.13924470164905e-05;3.408894176969297e-05;4.001954115408859e-05;3.545101309429631e-05;3.4777754708876166e-05;3.4614851767736574e-05;3.008756545840046e-05;2.8459677725385404e-05;3.3552105272302824e-05;
6.526009309791162e-05;6.396197784901424e-05;5.23281314222342e-05;6.232842918786765e-05;7.141326367060521e-05;0.00010433146259449209;0.0001278475494892838;6.999641822757737e-05;3.434715261501702e-05;0.0001389550626628342;8.016989029008423e-05;5.056770463548521e-05;6.178454960069048e-05;7.36174475700286e-05;5.019934313778122e-05;7.933926050353184e-05;3.8296265638756496e-05;5.65354214381989e-05;6.603501604416628e-05;4.91103818790488e-05;5.121764326572135e-05;4.0417833530994975e-05;5.1473308634437235e-05;5.236224135617108e-05;5.6741938905840524e-05;4.188174790092145e-05;6.186745825844743e-05;3.5850963836713685e-05;5.049425054919363e-05;5.6179878384424935e-05;7.011728686207726e-05;4.8791967184228134e-05;
9.320970293499843e-05;8.451481705923666e-05;0.00010849496488160557;9.708208521809817e-05;0.00010906847060970831;0.00013185924732831163;9.328048161805455e-05;9.339275642300236e-05;3.0759615479826686e-05;8.016989029008423e-05;0.00021288471557700736;8.038314633491122e-05;7.930261183070582e-05;0.00010084382232399278;5.5374819335135086e-05;0.00015648890322364408;4.741827487389363e-05;7.110529567941745e-05;0.00010431714921173018;7.909604551946659e-05;6.434495920984472e-05;3.6179324610546986e-05;7.783408170575439e-05;8.282483577329675e-05;8.416397958137684e-05;4.154179172462172e-05;0.00010262328271932031;4.2027555776519014e-05;8.39926123788782e-05;7.964489888064247e-05;9.711345248784842e-05;5.2566253863945895e-05;
6.761408183448161e-05;6.534170583326712e-05;6.700725655236047e-05;7.286492528006776e-05;7.524430101523276e-05;7.947001703731219e-05;5.9659021211561444e-05;7.23707972812727e-05;3.421914648598501e-05;5.056770463548521e-05;8.038314633491122e-05;0.00013745482441914936;6.114054354705281e-05;7.337406988935763e-05;4.727874064602181e-05;7.569459304606585e-05;4.732219226584075e-05;4.955797401372327e-05;7.887913210603572e-05;8.267527032107007e-05;5.363065474658996e-05;3.792347549467086e-05;5.45074970662644e-05;6.702245452739068e-05;6.018712416199584e-05;4.071316179273103e-05;8.026684630985162e-05;5.5002487397935264e-05;6.934516751774822e-05;5.935617299732102e-05;5.659730112775844e-05;4.356003988281604e-05;
6.923850976821653e-05;6.476167797244773e-05;6.578074565493744e-05;7.181196501667586e-05;7.699316188726393e-05;8.715496894180208e-05;6.867456486001907e-05;8.291109627201153e-05;3.728604322762721e-05;6.178454960069048e-05;7.930261183070582e-05;6.114054354705281e-05;0.00016445812626683407;8.393280054935183e-05;4.708258923628047e-05;7.672614443338764e-05;3.8560708655181645e-05;5.7417499609706636e-05;8.714844136287204e-05;5.831265649654731e-05;4.964648413452998e-05;4.231117609221629e-05;5.2618130310461494e-05;5.6346951868901915e-05;7.247309606855393e-05;4.4075990163225054e-05;7.401541221782342e-05;4.255749399720451e-05;5.362439978838824e-05;5.7315955511466895e-05;7.650286280768884e-05;4.7860413958837985e-05;
8.260752215487922e-05;8.659340781261564e-05;7.461783404806994e-05;0.00010815700646807337;9.713098101700262e-05;0.00011501123792003505;8.116405769384933e-05;0.0001166263869936678;3.943222086085521e-05;7.36174475700286e-05;0.00010084382232399278;7.337406988935763e-05;8.393280054935183e-05;0.00024945882466489793;5.693917838485279e-05;9.216346292930793e-05;4.521385772653141e-05;6.449320434025055e-05;0.00013400623818450152;7.555379095228967e-05;6.259691225470253e-05;4.5130786734661755e-05;6.143664314477287e-05;7.152336596935836e-05;7.802127360718056e-05;4.523776325971173e-05;9.599730454434685e-05;4.5456259675699895e-05;7.541802024530438e-05;7.35865297009547e-05;6.17501283821487e-05;4.70577104850318e-05;
5.355751785310815e-05;6.083136504267953e-05;4.8753754201425704e-05;4.9649654830370204e-05;5.7882189779083134e-05;5.4373042250294385e-05;5.1046662659387424e-05;6.02678610544064e-05;3.70510572148739e-05;5.019934313778122e-05;5.5374819335135086e-05;4.727874064602181e-05;4.708258923628047e-05;5.693917838485279e-05;0.00010233163950950311;5.529781096912262e-05;4.189450182977627e-05;6.50823070113922e-05;5.9266627181282676e-05;4.804005894934422e-05;6.076279132935528e-05;4.244630854492012e-05;4.722562095198238e-05;5.560142030084132e-05;4.934219792026041e-05;4.367065053659188e-05;5.547113457848361e-05;4.0555316749713746e-05;5.844488540463504e-05;4.08969720850894e-05;4.049098104165531e-05;3.9739462730331225e-05;
8.523688042348479e-05;7.894246027250017e-05;0.00010160499116875162;8.319620990553698e-05;9.942528852968015e-05;0.00011593665307057122;9.267593136534814e-05;9.041407504521205e-05;3.2769972080662924e-05;7.933926050353184e-05;0.00015648890322364408;7.569459304606585e-05;7.672614443338764e-05;9.216346292930793e-05;5.529781096912262e-05;0.00017046117950215626;4.872295297482578e-05;6.753081512643992e-05;9.380478581918286e-05;7.41170523729433e-05;6.540306189591847e-05;3.763043628820072e-05;7.855027863400954e-05;7.70570864555478e-05;7.606709413078994e-05;4.382490026562654e-05;9.002365136742877e-05;4.39616314243398e-05;7.303498580482283e-05;7.350535305041809e-05;8.510454711917953e-05;4.863667431619991e-05;
4.591352239758022e-05;4.20786366091301e-05;3.562560320179329e-05;4.573419519191386e-05;4.710786048717891e-05;4.5518802740479625e-05;4.3726664206575246e-05;4.8074221266293246e-05;3.6035795816564635e-05;3.8296265638756496e-05;4.741827487389363e-05;4.732219226584075e-05;3.8560708655181645e-05;4.521385772653141e-05;4.189450182977627e-05;4.872295297482578e-05;0.00010660865940445546;4.061927536264071e-05;5.724727122557957e-05;4.631864981481748e-05;3.471481340797219e-05;3.5370325590675855e-05;4.3102541393795085e-05;4.319033600114828e-05;3.607314657837505e-05;3.591961460182879e-05;4.9057253880736314e-05;3.7556777414106754e-05;4.387744690156023e-05;3.636452462393558e-05;3.571573334880448e-05;3.075415481962658e-05;
5.825638741498636e-05;5.91760768771254e-05;5.6834116010253506e-05;5.3278963893283495e-05;5.9473154601529256e-05;6.108013434886954e-05;5.9095180633261064e-05;6.582174012581883e-05;3.75438993260792e-05;5.65354214381989e-05;7.110529567941745e-05;4.955797401372327e-05;5.7417499609706636e-05;6.449320434025055e-05;6.50823070113922e-05;6.753081512643992e-05;4.061927536264071e-05;0.0001487778729517618;6.328664395547926e-05;5.357033185932019e-05;7.970052760517914e-05;4.0945815051123817e-05;4.865804339262585e-05;6.150634583248764e-05;4.970974084280521e-05;4.896254937137268e-05;6.192718110870569e-05;4.5459781375139396e-05;6.61041485306833e-05;4.8770071337578134e-05;5.048558563226503e-05;4.51289867470048e-05;
8.601468002414209e-05;8.337726167957158e-05;8.087696493365893e-05;0.00012374157453067498;9.44294893898392e-05;0.00011135942156947229;8.125645435937973e-05;0.00011514706857201127;4.2981744284004736e-05;6.603501604416628e-05;0.00010431714921173018;7.887913210603572e-05;8.714844136287204e-05;0.00013400623818450152;5.9266627181282676e-05;9.380478581918286e-05;5.724727122557957e-05;6.328664395547926e-05;0.00021132559271980949;8.648671747734907e-05;6.49121823856622e-05;4.930842049341528e-05;6.283550649276504e-05;8.191877174277058e-05;7.795941410102924e-05;4.620879989013344e-05;0.00011887377247049924;4.835746213789947e-05;8.530690934763162e-05;6.931268558986474e-05;6.948677253920771e-05;4.454762176943937e-05;
6.937286013642201e-05;6.48610515578577e-05;6.9926297285965e-05;7.831445162055397e-05;8.285740594867429e-05;7.886182569062648e-05;5.457210165709544e-05;7.924142264705132e-05;3.733802562374485e-05;4.91103818790488e-05;7.909604551946659e-05;8.267527032107007e-05;5.831265649654731e-05;7.555379095228967e-05;4.804005894934422e-05;7.41170523729433e-05;4.631864981481748e-05;5.357033185932019e-05;8.648671747734907e-05;0.00021824877575542684;5.087245502227327e-05;3.921048604146947e-05;5.1138150099671317e-05;6.720855959620048e-05;6.02632181115005e-05;3.750326011663657e-05;8.532173814541388e-05;5.071720891052234e-05;6.999991488496286e-05;6.798787208779788e-05;5.982074919260621e-05;4.0957951653916865e-05;
5.554912481186495e-05;5.647498588254665e-05;5.6030430112829024e-05;5.597808414868678e-05;5.40744311311133e-05;6.113240596755685e-05;5.185191755219775e-05;6.280405326480147e-05;3.0301935875739413e-05;5.121764326572135e-05;6.434495920984472e-05;5.363065474658996e-05;4.964648413452998e-05;6.259691225470253e-05;6.076279132935528e-05;6.540306189591847e-05;3.471481340797219e-05;7.970052760517914e-05;6.49121823856622e-05;5.087245502227327e-05;0.00012207954643266708;3.647810495462435e-05;4.685899105434526e-05;6.774751315620301e-05;5.233204919250214e-05;3.915457742571804e-05;6.264537725869761e-05;4.175167794666999e-05;6.544275722388855e-05;4.874370352801366e-05;5.321361443901913e-05;3.95672481296971e-05;
4.0916113945160225e-05;4.162238144005818e-05;3.4802420594095884e-05;4.0915279706948796e-05;4.163982705894882e-05;3.934526262318367e-05;4.273776131407977e-05;4.4310583682918344e-05;4.677861457783683e-05;4.0417833530994975e-05;3.6179324610546986e-05;3.792347549467086e-05;4.231117609221629e-05;4.5130786734661755e-05;4.244630854492012e-05;3.763043628820072e-05;3.5370325590675855e-05;4.0945815051123817e-05;4.930842049341528e-05;3.921048604146947e-05;3.647810495462435e-05;8.656032730278315e-05;3.959212390774123e-05;3.601851809301521e-05;3.757973879430993e-05;4.101539748034531e-05;4.109176105983548e-05;4.1752754675957674e-05;4.276256749750501e-05;3.602882442120492e-05;3.703524961866975e-05;3.632025340502789e-05;
5.838900581123921e-05;6.255493439347035e-05;5.452589428759583e-05;5.149465425540654e-05;6.283756167983041e-05;6.656183739588283e-05;5.679276336358755e-05;5.8270632066732405e-05;4.1479000666928834e-05;5.1473308634437235e-05;7.783408170575439e-05;5.45074970662644e-05;5.2618130310461494e-05;6.143664314477287e-05;4.722562095198238e-05;7.855027863400954e-05;4.3102541393795085e-05;4.865804339262585e-05;6.283550649276504e-05;5.1138150099671317e-05;4.685899105434526e-05;3.959212390774123e-05;0.00010610506037056365;5.801960349796211e-05;5.686041129404313e-05;4.337381594762281e-05;5.7362015541929686e-05;3.942165341240595e-05;5.4998462289468605e-05;4.963119745233423e-05;5.684543780521573e-05;4.3101724810086536e-05;
6.932188913869154e-05;6.313122702266778e-05;7.280014472920305e-05;7.692187244131284e-05;7.603808769030205e-05;7.297126769408251e-05;5.9288312361375e-05;6.601245761232389e-05;3.13924470164905e-05;5.236224135617108e-05;8.282483577329675e-05;6.702245452739068e-05;5.6346951868901915e-05;7.152336596935836e-05;5.560142030084132e-05;7.70570864555478e-05;4.319033600114828e-05;6.150634583248764e-05;8.191877174277058e-05;6.720855959620048e-05;6.774751315620301e-05;3.601851809301521e-05;5.801960349796211e-05;0.00016958157531783092;6.111658838355756e-05;3.566739819455183e-05;7.555802124547513e-05;4.882197603131924e-05;7.796196350912982e-05;5.592906922561445e-05;5.690926999624687e-05;4.0131652908246544e-05;
6.919547810278321e-05;7.548129214980579e-05;6.908456946400172e-05;7.166297559625697e-05;9.392670875287386e-05;9.87865907520882e-05;6.335832623276213e-05;7.572710692183726e-05;3.408894176969297e-05;5.6741938905840524e-05;8.416397958137684e-05;6.018712416199584e-05;7.247309606855393e-05;7.802127360718056e-05;4.934219792026041e-05;7.606709413078994e-05;3.607314657837505e-05;4.970974084280521e-05;7.795941410102924e-05;6.02632181115005e-05;5.233204919250214e-05;3.757973879430993e-05;5.686041129404313e-05;6.111658838355756e-05;0.000132025424715739;3.75858002417538e-05;7.608106767786111e-05;4.5765593314522864e-05;6.443014165060497e-05;5.5733453279147666e-05;6.992844999102505e-05;4.3007969445532047e-05;
4.179368919647673e-05;4.074320765163404e-05;3.464897833314532e-05;2.9491474608787088e-05;4.2238003215237536e-05;4.003794793273068e-05;4.7551888367916535e-05;4.599840164052252e-05;4.001954115408859e-05;4.188174790092145e-05;4.154179172462172e-05;4.071316179273103e-05;4.4075990163225054e-05;4.523776325971173e-05;4.367065053659188e-05;4.382490026562654e-05;3.591961460182879e-05;4.896254937137268e-05;4.620879989013344e-05;3.750326011663657e-05;3.915457742571804e-05;4.101539748034531e-05;4.337381594762281e-05;3.566739819455183e-05;3.75858002417538e-05;0.00011244694838723296;3.4760361147096494e-05;4.214710073158647e-05;4.721080630825733e-05;4.1663566406940045e-05;4.594285851488048e-05;7.533438659892265e-05;
8.101079563115207e-05;7.600088869458373e-05;8.723802078926723e-05;0.00010241369631137028;9.462234771286775e-05;9.719085769967248e-05;7.124848787788255e-05;9.388866832594207e-05;3.545101309429631e-05;6.186745825844743e-05;0.00010262328271932031;8.026684630985162e-05;7.401541221782342e-05;9.599730454434685e-05;5.547113457848361e-05;9.002365136742877e-05;4.9057253880736314e-05;6.192718110870569e-05;0.00011887377247049924;8.532173814541388e-05;6.264537725869761e-05;4.109176105983548e-05;5.7362015541929686e-05;7.555802124547513e-05;7.608106767786111e-05;3.4760361147096494e-05;0.000172404811561238;4.282354888974557e-05;7.373802896718846e-05;6.912503258053648e-05;6.569490792476175e-05;3.853710736885638e-05;
4.637862130439473e-05;4.275826337497068e-05;3.856240145256006e-05;4.4788711964589435e-05;5.0709537922384206e-05;4.270198422191541e-05;3.722422559894099e-05;5.581141525615006e-05;3.4777754708876166e-05;3.5850963836713685e-05;4.2027555776519014e-05;5.5002487397935264e-05;4.255749399720451e-05;4.5456259675699895e-05;4.0555316749713746e-05;4.39616314243398e-05;3.7556777414106754e-05;4.5459781375139396e-05;4.835746213789947e-05;5.071720891052234e-05;4.175167794666999e-05;4.1752754675957674e-05;3.942165341240595e-05;4.882197603131924e-05;4.5765593314522864e-05;4.214710073158647e-05;4.282354888974557e-05;0.00015004216177926454;6.115160997518969e-05;4.004649270041845e-05;3.7582770691048333e-05;4.211384144413555e-05;
6.528400028178292e-05;6.42052427531905e-05;6.819233046554787e-05;7.228197397112827e-05;7.095467558609825e-05;6.913654108660748e-05;5.89541318415301e-05;7.321103003082424e-05;3.4614851767736574e-05;5.049425054919363e-05;8.39926123788782e-05;6.934516751774822e-05;5.362439978838824e-05;7.541802024530438e-05;5.844488540463504e-05;7.303498580482283e-05;4.387744690156023e-05;6.61041485306833e-05;8.530690934763162e-05;6.999991488496286e-05;6.544275722388855e-05;4.276256749750501e-05;5.4998462289468605e-05;7.796196350912982e-05;6.443014165060497e-05;4.721080630825733e-05;7.373802896718846e-05;6.115160997518969e-05;0.00025563270582200224;6.576531900026836e-05;6.557005582847605e-05;4.37697646133392e-05;
6.17769745728425e-05;5.6472929222056374e-05;5.918284345582504e-05;6.924342634083151e-05;7.170894924834308e-05;6.981273682033524e-05;5.881630240840135e-05;7.252126661088606e-05;3.008756545840046e-05;5.6179878384424935e-05;7.964489888064247e-05;5.935617299732102e-05;5.7315955511466895e-05;7.35865297009547e-05;4.08969720850894e-05;7.350535305041809e-05;3.636452462393558e-05;4.8770071337578134e-05;6.931268558986474e-05;6.798787208779788e-05;4.874370352801366e-05;3.602882442120492e-05;4.963119745233423e-05;5.592906922561445e-05;5.5733453279147666e-05;4.1663566406940045e-05;6.912503258053648e-05;4.004649270041845e-05;6.576531900026836e-05;0.000137743084951324;6.046013796744494e-05;4.848686579163764e-05;
6.602263464200957e-05;7.150582985606796e-05;7.061599598820794e-05;6.971859534554803e-05;7.98617936597238e-05;9.804151578322632e-05;8.136770722404119e-05;6.860755638832594e-05;2.8459677725385404e-05;7.011728686207726e-05;9.711345248784842e-05;5.659730112775844e-05;7.650286280768884e-05;6.17501283821487e-05;4.049098104165531e-05;8.510454711917953e-05;3.571573334880448e-05;5.048558563226503e-05;6.948677253920771e-05;5.982074919260621e-05;5.321361443901913e-05;3.703524961866975e-05;5.684543780521573e-05;5.690926999624687e-05;6.992844999102505e-05;4.594285851488048e-05;6.569490792476175e-05;3.7582770691048333e-05;6.557005582847605e-05;6.046013796744494e-05;0.0002808586997227842;5.499569455387666e-05;
4.516247221066016e-05;4.3686476840866266e-05;3.8794675656851765e-05;3.986318682544583e-05;4.909240587682977e-05;5.7452331748473024e-05;5.1217397096012317e-05;5.1732184989995224e-05;3.3552105272302824e-05;4.8791967184228134e-05;5.2566253863945895e-05;4.356003988281604e-05;4.7860413958837985e-05;4.70577104850318e-05;3.9739462730331225e-05;4.863667431619991e-05;3.075415481962658e-05;4.51289867470048e-05;4.454762176943937e-05;4.0957951653916865e-05;3.95672481296971e-05;3.632025340502789e-05;4.3101724810086536e-05;4.0131652908246544e-05;4.3007969445532047e-05;7.533438659892265e-05;3.853710736885638e-05;4.211384144413555e-05;4.37697646133392e-05;4.848686579163764e-05;5.499569455387666e-05;0.00012322522352331997;
