7.379474495404782e-05;7.665106552688934e-05;7.257809740400403e-05;8.730983525633031e-05;9.436168721139689e-05;0.0001019835475427752;7.545050669304141e-05;8.463921461226534e-05;3.8472736733121795e-05;6.838814275794533e-05;9.777134632145288e-05;7.039996179853882e-05;7.42784622912836e-05;8.731373913290355e-05;5.273683291237618e-05;8.833370115109206e-05;4.687074000319411e-05;5.669893518939789e-05;9.017209631373841e-05;7.264438543959321e-05;5.588095177981245e-05;4.2864829837155814e-05;6.0246420131617944e-05;6.907820762997832e-05;7.433810312188449e-05;4.188637868319611e-05;8.095675244129077e-05;4.851415360901749e-05;6.875706985894117e-05;6.330166697825951e-05;7.272687930516058e-05;4.807775373271353e-05;
7.665106552688934e-05;0.00015571617252058126;6.711983267033564e-05;8.382543897262505e-05;8.694828359382741e-05;0.00012022679436694177;7.296950583291086e-05;8.790889544046127e-05;4.2296362586909685e-05;6.994417903154757e-05;9.3583281726931e-05;6.973074570542887e-05;7.444976003576118e-05;9.628052328523672e-05;5.873217960016695e-05;8.670851357693434e-05;4.086081277874423e-05;5.249289257588643e-05;8.283722562538985e-05;7.137124723429785e-05;5.575032909696026e-05;4.230426863534452e-05;6.299783354286302e-05;6.289433777137886e-05;8.084899212639896e-05;4.1714098075311524e-05;7.475622961775686e-05;4.48449578117404e-05;7.233838127889798e-05;5.670233127114399e-05;8.865727150109239e-05;4.925215866235385e-05;
7.257809740400403e-05;6.711983267033564e-05;0.0001716556147470429;7.394182476472948e-05;8.06851371484461e-05;9.975852222784344e-05;6.320399743188593e-05;7.651360989787654e-05;3.343449989106763e-05;5.371889889774217e-05;0.00011126477012138392;6.718771207373387e-05;7.196525111608816e-05;7.750600886235861e-05;4.73611201498901e-05;0.00010223379091618074;3.757045877591576e-05;5.4775958128712786e-05;8.54824013657064e-05;7.144994268281627e-05;5.539162839871336e-05;3.714353217952833e-05;5.7132409031520684e-05;7.095627609479885e-05;7.323326609053198e-05;3.330478524242029e-05;8.750992663127738e-05;4.055864530019025e-05;7.015815470547883e-05;5.941572443185696e-05;7.734230533157595e-05;4.013463326327292e-05;
8.730983525633031e-05;8.382543897262505e-05;7.394182476472948e-05;0.00024822251036435335;0.00010380010900240322;0.00011678729307879006;7.287420731812027e-05;0.00011520558736189258;3.462606233305933e-05;6.949310566323481e-05;0.00010847527141112733;7.62230471045018e-05;8.384790642658747e-05;0.00012518706002024918;4.982332725809005e-05;9.088288140647427e-05;4.702368400825363e-05;5.39394353060166e-05;0.00013286466865905237;8.529167971724224e-05;5.739115973639436e-05;4.218731430835993e-05;5.381087752805832e-05;7.684847480675454e-05;8.283711362431816e-05;2.9239421279511356e-05;0.00010865734417156409;4.646130876286789e-05;7.760798368746114e-05;7.358456969827466e-05;8.302535479431936e-05;4.5662547957148166e-05;
9.436168721139689e-05;8.694828359382741e-05;8.06851371484461e-05;0.00010380010900240322;0.0002510763215764807;0.00013751991219694928;8.469976577091591e-05;9.414300286450889e-05;3.9017099984229144e-05;7.67280211722637e-05;0.00011303457736291751;7.771904582439577e-05;8.187099395522436e-05;9.961596629541368e-05;5.892057445125008e-05;0.00010190132067321803;4.411154258651633e-05;5.596429024930541e-05;9.752749280085281e-05;8.329486725927146e-05;5.278935013531965e-05;4.265166727745847e-05;6.206503962548305e-05;7.292767327848658e-05;9.876531811416528e-05;4.081876967129534e-05;9.19739334637956e-05;5.238547683293958e-05;7.263285752715346e-05;6.985768578478977e-05;8.482731840821577e-05;4.963464408789226e-05;
0.0001019835475427752;0.00012022679436694177;9.975852222784344e-05;0.00011678729307879006;0.00013751991219694928;0.0002902329962842946;0.00012808467640841527;0.00011254258419455565;3.7060010297055385e-05;0.00011193727278869777;0.00014439255463686494;8.431752271799473e-05;9.6477195401275e-05;0.00012553689506664776;5.2614503081131984e-05;0.00012631416075022014;4.239342102919611e-05;5.540952095864192e-05;0.00011546763565685506;8.574900032973564e-05;6.379823897321771e-05;3.9847147004001494e-05;6.598826425808771e-05;7.249254097927492e-05;0.00010723608216215119;4.0158065806150084e-05;9.625516402005912e-05;4.618523786106621e-05;7.893547157557116e-05;7.191215916776936e-05;0.0001157897871477172;6.292926840931324e-05;
7.545050669304141e-05;7.296950583291086e-05;6.320399743188593e-05;7.287420731812027e-05;8.469976577091591e-05;0.00012808467640841527;0.00019974606078589243;8.496792091351739e-05;3.7662884643465734e-05;0.00013413204151717037;9.75965262406028e-05;5.914648297350359e-05;7.359056211011531e-05;8.265807969614308e-05;4.812798576407604e-05;9.412178282978762e-05;4.097516647697503e-05;5.609373671721067e-05;8.327661133411698e-05;5.653880855842586e-05;5.227463352240292e-05;4.150645967660267e-05;5.5633587517822086e-05;5.90072167277552e-05;6.736919093375954e-05;4.785824570679368e-05;6.88549826175004e-05;3.895125655289048e-05;6.349973827355755e-05;5.320115081655809e-05;8.776891673602359e-05;5.5801933843100975e-05;
8.463921461226534e-05;8.790889544046127e-05;7.651360989787654e-05;0.00011520558736189258;9.414300286450889e-05;0.00011254258419455565;8.496792091351739e-05;0.00020168053272150396;3.978771236190823e-05;7.779962364293988e-05;0.00010203487072250921;7.74144295484636e-05;9.232499874350213e-05;0.00012481701836167673;6.259746652288206e-05;9.678641751037442e-05;5.0681522128537866e-05;6.783121769917905e-05;0.0001239529276612226;8.886553731618678e-05;6.680546620967711e-05;4.924834562838767e-05;6.202195972882084e-05;6.898279586417618e-05;8.401004805803981e-05;4.628550709469247e-05;9.840621008955745e-05;5.6899245117060396e-05;7.98224874945891e-05;7.762552617748876e-05;8.716139504943526e-05;5.596335335489221e-05;
3.8472736733121795e-05;4.2296362586909685e-05;3.343449989106763e-05;3.462606233305933e-05;3.9017099984229144e-05;3.7060010297055385e-05;3.7662884643465734e-05;3.978771236190823e-05;8.253758893435877e-05;3.449136881344962e-05;3.284384328382122e-05;3.8030871202297186e-05;3.73391211901706e-05;4.11461432922965e-05;3.6580155219196205e-05;3.4339738031605716e-05;3.8649441525514794e-05;4.1953271525176424e-05;4.675085998023651e-05;4.1164138301199324e-05;3.329985691643426e-05;5.1144724721558505e-05;4.50618637656631e-05;3.1687496546764186e-05;3.6961962513798096e-05;4.298838976473274e-05;3.990848418197977e-05;3.7251190126826954e-05;3.694377860627725e-05;3.3090260307045447e-05;3.1675023129876904e-05;3.547874621072106e-05;
6.838814275794533e-05;6.994417903154757e-05;5.371889889774217e-05;6.949310566323481e-05;7.67280211722637e-05;0.00011193727278869777;0.00013413204151717037;7.779962364293988e-05;3.449136881344962e-05;0.0001481693157103494;8.712672406120682e-05;5.369246859619262e-05;6.8222542768582e-05;8.053283881706066e-05;4.894670490703679e-05;8.505119440682988e-05;3.684653326460251e-05;5.366647919670413e-05;6.986048524380252e-05;5.34988547189283e-05;5.2790332697029974e-05;4.025212731746086e-05;5.18747305037196e-05;5.245496948677464e-05;6.28761734178658e-05;4.1147724933474365e-05;6.228248384006937e-05;3.795966020074554e-05;5.782281119002731e-05;5.487751224687554e-05;7.866095573692521e-05;5.236322027516599e-05;
9.777134632145288e-05;9.3583281726931e-05;0.00011126477012138392;0.00010847527141112733;0.00011303457736291751;0.00014439255463686494;9.75965262406028e-05;0.00010203487072250921;3.284384328382122e-05;8.712672406120682e-05;0.0002251568815448083;8.429481356100555e-05;8.813362336076914e-05;0.00010912500168737963;5.35574142594714e-05;0.00016550159201563983;4.6074212851542286e-05;6.643639343699263e-05;0.00010918607378307077;8.33820595615412e-05;6.398365477857884e-05;3.812081973870941e-05;7.941853842539711e-05;8.134542865747516e-05;9.251516345206504e-05;4.118064574888215e-05;0.00010285507841540376;4.525478167244328e-05;9.084865835512266e-05;8.181199958546874e-05;0.00011013304667566902;5.857716087852525e-05;
7.039996179853882e-05;6.973074570542887e-05;6.718771207373387e-05;7.62230471045018e-05;7.771904582439577e-05;8.431752271799473e-05;5.914648297350359e-05;7.74144295484636e-05;3.8030871202297186e-05;5.369246859619262e-05;8.429481356100555e-05;0.00014168519623561663;6.678800030150924e-05;8.207673115971728e-05;4.490611212343208e-05;7.793067604614246e-05;4.901458446580508e-05;4.630429928394486e-05;8.287027197540971e-05;8.747173847707497e-05;5.1623417931879707e-05;4.0562630524492334e-05;5.5370210800691884e-05;6.493671551942857e-05;6.725470472855872e-05;4.076836656494398e-05;8.099558665799121e-05;5.708270842722052e-05;7.351677329237636e-05;6.208698816653425e-05;5.91361885373403e-05;4.894909201594639e-05;
7.42784622912836e-05;7.444976003576118e-05;7.196525111608816e-05;8.384790642658747e-05;8.187099395522436e-05;9.6477195401275e-05;7.359056211011531e-05;9.232499874350213e-05;3.73391211901706e-05;6.8222542768582e-05;8.813362336076914e-05;6.678800030150924e-05;0.00017139169842596955;9.23073043775482e-05;4.719540365693764e-05;8.33747432507406e-05;3.8761935632971426e-05;5.8542646622902625e-05;9.37793356499768e-05;6.669537778062674e-05;5.4405391822090125e-05;4.51192570263723e-05;5.683319884333698e-05;5.6480660338352366e-05;8.069745072335857e-05;4.630521240764315e-05;7.947238472882695e-05;4.691124223416614e-05;6.061353128104002e-05;6.103345601446968e-05;9.081088683884228e-05;5.296494727589616e-05;
8.731373913290355e-05;9.628052328523672e-05;7.750600886235861e-05;0.00012518706002024918;9.961596629541368e-05;0.00012553689506664776;8.265807969614308e-05;0.00012481701836167673;4.11461432922965e-05;8.053283881706066e-05;0.00010912500168737963;8.207673115971728e-05;9.23073043775482e-05;0.0002630680663594872;5.577702455833744e-05;9.63453566352302e-05;4.556682748274197e-05;5.8731542134497604e-05;0.0001358868891437051;8.455808544801414e-05;6.135501500846218e-05;4.4814242576979535e-05;6.178444843059525e-05;6.801444389732762e-05;8.42779254417537e-05;4.125154195020047e-05;0.00010167258917744012;5.0089214920914976e-05;8.03500132293663e-05;7.501012366968359e-05;6.933060432592996e-05;4.808499364698492e-05;
5.273683291237618e-05;5.873217960016695e-05;4.73611201498901e-05;4.982332725809005e-05;5.892057445125008e-05;5.2614503081131984e-05;4.812798576407604e-05;6.259746652288206e-05;3.6580155219196205e-05;4.894670490703679e-05;5.35574142594714e-05;4.490611212343208e-05;4.719540365693764e-05;5.577702455833744e-05;0.00010935433985955174;5.393358246544397e-05;4.100360187593428e-05;6.363853115774572e-05;6.055642879022666e-05;4.8491223303929005e-05;5.935729869337773e-05;4.199019959480011e-05;4.604023202202273e-05;5.356071886112615e-05;4.784922095156896e-05;4.320681457182945e-05;5.237545172312204e-05;4.04954683154688e-05;5.900128222847948e-05;4.035343215952731e-05;4.209294020467281e-05;4.0870586859994465e-05;
8.833370115109206e-05;8.670851357693434e-05;0.00010223379091618074;9.088288140647427e-05;0.00010190132067321803;0.00012631416075022014;9.412178282978762e-05;9.678641751037442e-05;3.4339738031605716e-05;8.505119440682988e-05;0.00016550159201563983;7.793067604614246e-05;8.33747432507406e-05;9.63453566352302e-05;5.393358246544397e-05;0.00017534779832374323;4.7441588299299767e-05;6.27293709776508e-05;9.538763113054675e-05;7.813083923005208e-05;6.447553772675566e-05;3.782130614056987e-05;7.786420339321221e-05;7.474512203018826e-05;8.33798452275451e-05;4.285448449214853e-05;8.862328645147191e-05;4.532126348075381e-05;7.929025464704734e-05;7.7481575763386e-05;9.690970241995715e-05;5.293807714728337e-05;
4.687074000319411e-05;4.086081277874423e-05;3.757045877591576e-05;4.702368400825363e-05;4.411154258651633e-05;4.239342102919611e-05;4.097516647697503e-05;5.0681522128537866e-05;3.8649441525514794e-05;3.684653326460251e-05;4.6074212851542286e-05;4.901458446580508e-05;3.8761935632971426e-05;4.556682748274197e-05;4.100360187593428e-05;4.7441588299299767e-05;0.00011470981286621207;4.4939970634718404e-05;6.043191442838901e-05;4.885781052542999e-05;3.6280349183672094e-05;3.854190093663193e-05;5.108144254387563e-05;4.1102644303706105e-05;3.785235400285191e-05;3.71618464145298e-05;5.3605030137003305e-05;4.001685687605461e-05;4.026441092993451e-05;3.8797770735711074e-05;3.369955416737347e-05;3.065336224855886e-05;
5.669893518939789e-05;5.249289257588643e-05;5.4775958128712786e-05;5.39394353060166e-05;5.596429024930541e-05;5.540952095864192e-05;5.609373671721067e-05;6.783121769917905e-05;4.1953271525176424e-05;5.366647919670413e-05;6.643639343699263e-05;4.630429928394486e-05;5.8542646622902625e-05;5.8731542134497604e-05;6.363853115774572e-05;6.27293709776508e-05;4.4939970634718404e-05;0.00015160677448123136;6.548193313215956e-05;5.147275717431501e-05;8.055549002462178e-05;4.39405321070399e-05;5.548412969636747e-05;5.828019985221861e-05;4.947620100613117e-05;4.991160086942206e-05;6.11637389970012e-05;4.39341682112741e-05;5.7123420349500076e-05;4.433424809044585e-05;4.985398386756843e-05;4.5842913018268275e-05;
9.017209631373841e-05;8.283722562538985e-05;8.54824013657064e-05;0.00013286466865905237;9.752749280085281e-05;0.00011546763565685506;8.327661133411698e-05;0.0001239529276612226;4.675085998023651e-05;6.986048524380252e-05;0.00010918607378307077;8.287027197540971e-05;9.37793356499768e-05;0.0001358868891437051;6.055642879022666e-05;9.538763113054675e-05;6.043191442838901e-05;6.548193313215956e-05;0.0002158538665956327;9.402630339819608e-05;6.598614648326757e-05;5.29459151315606e-05;6.750893724978159e-05;8.31038155189568e-05;8.502664332551136e-05;4.4668091115911724e-05;0.00012744920830312192;5.108591191312511e-05;8.560650943433004e-05;7.243883973312601e-05;7.632145272922133e-05;4.667514944807775e-05;
7.264438543959321e-05;7.137124723429785e-05;7.144994268281627e-05;8.529167971724224e-05;8.329486725927146e-05;8.574900032973564e-05;5.653880855842586e-05;8.886553731618678e-05;4.1164138301199324e-05;5.34988547189283e-05;8.33820595615412e-05;8.747173847707497e-05;6.669537778062674e-05;8.455808544801414e-05;4.8491223303929005e-05;7.813083923005208e-05;4.885781052542999e-05;5.147275717431501e-05;9.402630339819608e-05;0.00021730826816438158;5.125353919421765e-05;4.315148904420344e-05;5.521417109539155e-05;6.300850493058772e-05;6.81342469423314e-05;3.7792334317825194e-05;8.488041635350388e-05;5.297614554388919e-05;7.357363571509143e-05;6.982747108877406e-05;7.121850876815224e-05;4.5346027950276394e-05;
5.588095177981245e-05;5.575032909696026e-05;5.539162839871336e-05;5.739115973639436e-05;5.278935013531965e-05;6.379823897321771e-05;5.227463352240292e-05;6.680546620967711e-05;3.329985691643426e-05;5.2790332697029974e-05;6.398365477857884e-05;5.1623417931879707e-05;5.4405391822090125e-05;6.135501500846218e-05;5.935729869337773e-05;6.447553772675566e-05;3.6280349183672094e-05;8.055549002462178e-05;6.598614648326757e-05;5.125353919421765e-05;0.00012962476557535068;3.457417701897691e-05;4.8734697144470385e-05;6.995481350727402e-05;5.4249255723281514e-05;4.006459831005787e-05;6.176564005389025e-05;4.1654714020933265e-05;6.429020247358463e-05;4.6497043980877085e-05;5.7348144901395035e-05;4.190149647595231e-05;
4.2864829837155814e-05;4.230426863534452e-05;3.714353217952833e-05;4.218731430835993e-05;4.265166727745847e-05;3.9847147004001494e-05;4.150645967660267e-05;4.924834562838767e-05;5.1144724721558505e-05;4.025212731746086e-05;3.812081973870941e-05;4.0562630524492334e-05;4.51192570263723e-05;4.4814242576979535e-05;4.199019959480011e-05;3.782130614056987e-05;3.854190093663193e-05;4.39405321070399e-05;5.29459151315606e-05;4.315148904420344e-05;3.457417701897691e-05;9.67174095097842e-05;4.1724642394222014e-05;3.4323279325645475e-05;4.156365161095388e-05;4.499759699406743e-05;4.467279188909737e-05;4.4382835155159855e-05;4.382243393605884e-05;3.922211878643857e-05;3.661154821159058e-05;3.7957669576593135e-05;
6.0246420131617944e-05;6.299783354286302e-05;5.7132409031520684e-05;5.381087752805832e-05;6.206503962548305e-05;6.598826425808771e-05;5.5633587517822086e-05;6.202195972882084e-05;4.50618637656631e-05;5.18747305037196e-05;7.941853842539711e-05;5.5370210800691884e-05;5.683319884333698e-05;6.178444843059525e-05;4.604023202202273e-05;7.786420339321221e-05;5.108144254387563e-05;5.548412969636747e-05;6.750893724978159e-05;5.521417109539155e-05;4.8734697144470385e-05;4.1724642394222014e-05;0.0001174963724172918;5.396485798038438e-05;5.873732261112601e-05;4.626549278333873e-05;6.198672802699405e-05;4.215511431979074e-05;5.4523083816346096e-05;5.0722848404736364e-05;5.7110768269513315e-05;4.599127212484903e-05;
6.907820762997832e-05;6.289433777137886e-05;7.095627609479885e-05;7.684847480675454e-05;7.292767327848658e-05;7.249254097927492e-05;5.90072167277552e-05;6.898279586417618e-05;3.1687496546764186e-05;5.245496948677464e-05;8.134542865747516e-05;6.493671551942857e-05;5.6480660338352366e-05;6.801444389732762e-05;5.356071886112615e-05;7.474512203018826e-05;4.1102644303706105e-05;5.828019985221861e-05;8.31038155189568e-05;6.300850493058772e-05;6.995481350727402e-05;3.4323279325645475e-05;5.396485798038438e-05;0.00018834225054086874;6.0055507425505836e-05;3.7229229155289e-05;7.082352776186532e-05;4.810239031495734e-05;8.117081104611068e-05;5.068630226005461e-05;6.0587999877096085e-05;4.211690131705517e-05;
7.433810312188449e-05;8.084899212639896e-05;7.323326609053198e-05;8.283711362431816e-05;9.876531811416528e-05;0.00010723608216215119;6.736919093375954e-05;8.401004805803981e-05;3.6961962513798096e-05;6.28761734178658e-05;9.251516345206504e-05;6.725470472855872e-05;8.069745072335857e-05;8.42779254417537e-05;4.784922095156896e-05;8.33798452275451e-05;3.785235400285191e-05;4.947620100613117e-05;8.502664332551136e-05;6.81342469423314e-05;5.4249255723281514e-05;4.156365161095388e-05;5.873732261112601e-05;6.0055507425505836e-05;0.0001449040766358153;3.946674699554057e-05;7.886369372042725e-05;4.928442591845805e-05;6.905596277557122e-05;6.104963776607376e-05;8.168729650087799e-05;4.8908977409715684e-05;
4.188637868319611e-05;4.1714098075311524e-05;3.330478524242029e-05;2.9239421279511356e-05;4.081876967129534e-05;4.0158065806150084e-05;4.785824570679368e-05;4.628550709469247e-05;4.298838976473274e-05;4.1147724933474365e-05;4.118064574888215e-05;4.076836656494398e-05;4.630521240764315e-05;4.125154195020047e-05;4.320681457182945e-05;4.285448449214853e-05;3.71618464145298e-05;4.991160086942206e-05;4.4668091115911724e-05;3.7792334317825194e-05;4.006459831005787e-05;4.499759699406743e-05;4.626549278333873e-05;3.7229229155289e-05;3.946674699554057e-05;0.00011743800918323346;3.325927123847245e-05;4.348894804969424e-05;4.776748426626201e-05;3.930748672117749e-05;4.491005102611262e-05;7.827897875717626e-05;
8.095675244129077e-05;7.475622961775686e-05;8.750992663127738e-05;0.00010865734417156409;9.19739334637956e-05;9.625516402005912e-05;6.88549826175004e-05;9.840621008955745e-05;3.990848418197977e-05;6.228248384006937e-05;0.00010285507841540376;8.099558665799121e-05;7.947238472882695e-05;0.00010167258917744012;5.237545172312204e-05;8.862328645147191e-05;5.3605030137003305e-05;6.11637389970012e-05;0.00012744920830312192;8.488041635350388e-05;6.176564005389025e-05;4.467279188909737e-05;6.198672802699405e-05;7.082352776186532e-05;7.886369372042725e-05;3.325927123847245e-05;0.00016538620546130374;4.607786065526201e-05;7.071491606030632e-05;6.834938704735449e-05;6.510284108532158e-05;3.8808478267546435e-05;
4.851415360901749e-05;4.48449578117404e-05;4.055864530019025e-05;4.646130876286789e-05;5.238547683293958e-05;4.618523786106621e-05;3.895125655289048e-05;5.6899245117060396e-05;3.7251190126826954e-05;3.795966020074554e-05;4.525478167244328e-05;5.708270842722052e-05;4.691124223416614e-05;5.0089214920914976e-05;4.04954683154688e-05;4.532126348075381e-05;4.001685687605461e-05;4.39341682112741e-05;5.108591191312511e-05;5.297614554388919e-05;4.1654714020933265e-05;4.4382835155159855e-05;4.215511431979074e-05;4.810239031495734e-05;4.928442591845805e-05;4.348894804969424e-05;4.607786065526201e-05;0.0001530927098821742;6.451712775856822e-05;4.1645884655831993e-05;3.480139444152392e-05;4.431658196572216e-05;
6.875706985894117e-05;7.233838127889798e-05;7.015815470547883e-05;7.760798368746114e-05;7.263285752715346e-05;7.893547157557116e-05;6.349973827355755e-05;7.98224874945891e-05;3.694377860627725e-05;5.782281119002731e-05;9.084865835512266e-05;7.351677329237636e-05;6.061353128104002e-05;8.03500132293663e-05;5.900128222847948e-05;7.929025464704734e-05;4.026441092993451e-05;5.7123420349500076e-05;8.560650943433004e-05;7.357363571509143e-05;6.429020247358463e-05;4.382243393605884e-05;5.4523083816346096e-05;8.117081104611068e-05;6.905596277557122e-05;4.776748426626201e-05;7.071491606030632e-05;6.451712775856822e-05;0.00025382488048057304;6.28868703169274e-05;8.285600070137997e-05;5.1639593635892604e-05;
6.330166697825951e-05;5.670233127114399e-05;5.941572443185696e-05;7.358456969827466e-05;6.985768578478977e-05;7.191215916776936e-05;5.320115081655809e-05;7.762552617748876e-05;3.3090260307045447e-05;5.487751224687554e-05;8.181199958546874e-05;6.208698816653425e-05;6.103345601446968e-05;7.501012366968359e-05;4.035343215952731e-05;7.7481575763386e-05;3.8797770735711074e-05;4.433424809044585e-05;7.243883973312601e-05;6.982747108877406e-05;4.6497043980877085e-05;3.922211878643857e-05;5.0722848404736364e-05;5.068630226005461e-05;6.104963776607376e-05;3.930748672117749e-05;6.834938704735449e-05;4.1645884655831993e-05;6.28868703169274e-05;0.0001560898979349291;6.263662161765851e-05;4.929418497370419e-05;
7.272687930516058e-05;8.865727150109239e-05;7.734230533157595e-05;8.302535479431936e-05;8.482731840821577e-05;0.0001157897871477172;8.776891673602359e-05;8.716139504943526e-05;3.1675023129876904e-05;7.866095573692521e-05;0.00011013304667566902;5.91361885373403e-05;9.081088683884228e-05;6.933060432592996e-05;4.209294020467281e-05;9.690970241995715e-05;3.369955416737347e-05;4.985398386756843e-05;7.632145272922133e-05;7.121850876815224e-05;5.7348144901395035e-05;3.661154821159058e-05;5.7110768269513315e-05;6.0587999877096085e-05;8.168729650087799e-05;4.491005102611262e-05;6.510284108532158e-05;3.480139444152392e-05;8.285600070137997e-05;6.263662161765851e-05;0.0003489935136885033;6.0944830588257465e-05;
4.807775373271353e-05;4.925215866235385e-05;4.013463326327292e-05;4.5662547957148166e-05;4.963464408789226e-05;6.292926840931324e-05;5.5801933843100975e-05;5.596335335489221e-05;3.547874621072106e-05;5.236322027516599e-05;5.857716087852525e-05;4.894909201594639e-05;5.296494727589616e-05;4.808499364698492e-05;4.0870586859994465e-05;5.293807714728337e-05;3.065336224855886e-05;4.5842913018268275e-05;4.667514944807775e-05;4.5346027950276394e-05;4.190149647595231e-05;3.7957669576593135e-05;4.599127212484903e-05;4.211690131705517e-05;4.8908977409715684e-05;7.827897875717626e-05;3.8808478267546435e-05;4.431658196572216e-05;5.1639593635892604e-05;4.929418497370419e-05;6.0944830588257465e-05;0.00013326184547152734;
