7.404573116360145e-05;7.693997196362954e-05;7.28641347786982e-05;8.711884170255102e-05;9.425328606272073e-05;0.00010219372622412709;7.581081254707408e-05;8.503252004431208e-05;3.8869294601312587e-05;6.84466422917651e-05;9.794626705366283e-05;7.039312072423978e-05;7.420073850803531e-05;8.732806841868866e-05;5.306588840272074e-05;8.85225665789758e-05;4.7247317876808355e-05;5.735170327992745e-05;9.044494339857342e-05;7.266657697281027e-05;5.614849062539088e-05;4.314434615023678e-05;6.069717331158338e-05;6.911465696748984e-05;7.460828913452623e-05;4.2116658724240886e-05;8.228886215726117e-05;4.8642480995488576e-05;6.874664392847427e-05;6.33921018966847e-05;7.25144242336194e-05;4.76478592084801e-05;
7.693997196362954e-05;0.0001555896491478495;6.738388459551532e-05;8.352549242007943e-05;8.692388358666366e-05;0.00012011756713635038;7.264938379487922e-05;8.866834315772392e-05;4.332814474555103e-05;6.906050880814528e-05;9.330964591528243e-05;6.990204847634319e-05;7.339403968441921e-05;9.678857996024696e-05;5.977719230412137e-05;8.653268712010481e-05;4.2223249573084094e-05;5.4288128187808166e-05;8.359041958364053e-05;7.159446714323843e-05;5.620222683900675e-05;4.376851139093015e-05;6.422885013842375e-05;6.331052189213881e-05;8.116729768800586e-05;4.2420834840284404e-05;7.586559664113302e-05;4.537441454945423e-05;7.174458689645663e-05;5.681538173838273e-05;8.706699602071597e-05;4.837673775220465e-05;
7.28641347786982e-05;6.738388459551532e-05;0.00017202126576255304;7.380352517517409e-05;8.078659541598656e-05;9.975759407803565e-05;6.35372843051129e-05;7.715264156121024e-05;3.3969729041366094e-05;5.38526258430891e-05;0.00011117441957583508;6.711632182240023e-05;7.14551906125509e-05;7.778067506870701e-05;4.791425554052033e-05;0.0001026610399438637;3.830074969766051e-05;5.568235363289535e-05;8.594383987336739e-05;7.191789625476297e-05;5.560780613530823e-05;3.781423145315113e-05;5.77167079062787e-05;7.087978785383862e-05;7.365687703458164e-05;3.3648970809127024e-05;8.818958509239675e-05;4.0656080912970224e-05;7.06810080450351e-05;5.958812211859308e-05;7.653743118254678e-05;4.008725614326303e-05;
8.711884170255102e-05;8.352549242007943e-05;7.380352517517409e-05;0.0002479687220123605;0.00010395225200449474;0.00011627193506411035;7.289051795992343e-05;0.00011558990096869427;3.516428577027431e-05;6.899216778857792e-05;0.00010818024595873341;7.545419343819667e-05;8.352318399776355e-05;0.00012596189248287472;4.9952595367946884e-05;9.049522818272397e-05;4.767084160468724e-05;5.499898109657564e-05;0.0001333064137366228;8.497073266809112e-05;5.749104348045403e-05;4.221774082378113e-05;5.397618645555313e-05;7.659727146100238e-05;8.27304175749574e-05;2.9740829474839187e-05;0.00010841079896501012;4.673699174406705e-05;7.658420399773389e-05;7.308651388064649e-05;8.212947397768188e-05;4.509591232068005e-05;
9.425328606272073e-05;8.692388358666366e-05;8.078659541598656e-05;0.00010395225200449474;0.0002483660916074424;0.0001367958248535285;8.362114001904804e-05;9.618910167021519e-05;4.007924146608702e-05;7.524340190550283e-05;0.0001134127016387798;7.79605636032266e-05;8.207368890262466e-05;0.00010008028541560713;5.935175736036171e-05;0.00010174728827704901;4.497127122705349e-05;5.7252113138023615e-05;9.780718924765916e-05;8.294200050572992e-05;5.380796048245845e-05;4.324702687658489e-05;6.217588531116863e-05;7.306647909215109e-05;9.894223359336362e-05;4.079519171518508e-05;9.268147735750323e-05;5.3226661728201025e-05;7.012727166753828e-05;7.145960598716197e-05;8.457733156693656e-05;4.938936509974651e-05;
0.00010219372622412709;0.00012011756713635038;9.975759407803565e-05;0.00011627193506411035;0.0001367958248535285;0.00029064214688793506;0.00012924050141357562;0.00011270815697936479;3.814747846929635e-05;0.00011132747343993747;0.00014416046693649492;8.494704723651528e-05;9.57596820535696e-05;0.00012561844369595487;5.294901826810698e-05;0.00012628321670403995;4.3821607733319126e-05;5.6762965000225856e-05;0.00011594017283600476;8.61059656127426e-05;6.345786003157939e-05;4.066470260707234e-05;6.703534961175363e-05;7.23768468858264e-05;0.00010751743169522752;4.061282440607111e-05;9.724168562478316e-05;4.573113223042415e-05;7.765760614547015e-05;7.267520857116025e-05;0.00011412258154481514;6.130479548937044e-05;
7.581081254707408e-05;7.264938379487922e-05;6.35372843051129e-05;7.289051795992343e-05;8.362114001904804e-05;0.00012924050141357562;0.0001991737240092871;8.544586015822073e-05;3.8914906355782866e-05;0.00013351728071450043;9.761499102843146e-05;5.987727755943305e-05;7.351202841964176e-05;8.271522184028731e-05;4.8627192417005324e-05;9.48786539304297e-05;4.2208417137021546e-05;5.6509754345112996e-05;8.364689163004727e-05;5.5943372665683214e-05;5.286069856250829e-05;4.3207770742131665e-05;5.646454003191465e-05;5.93744794386773e-05;6.79001844711485e-05;4.808998636001485e-05;7.067166974722662e-05;3.8375105134533496e-05;6.225409724190025e-05;5.3893622905825486e-05;8.655215943462932e-05;5.489668426941515e-05;
8.503252004431208e-05;8.866834315772392e-05;7.715264156121024e-05;0.00011558990096869427;9.618910167021519e-05;0.00011270815697936479;8.544586015822073e-05;0.0001974839460487506;4.026941663091399e-05;7.852501865233362e-05;0.00010225492179172192;7.803971096685837e-05;9.181457348634027e-05;0.00012554343634034698;6.249703514046968e-05;9.725336053267107e-05;5.064472526843159e-05;6.793400198691082e-05;0.0001249767700195523;8.889019754324501e-05;6.674621798449852e-05;4.921159776659169e-05;6.211939333465373e-05;6.921239120518229e-05;8.475816682404665e-05;4.691310365268195e-05;9.906117541841473e-05;5.756005006652207e-05;8.08060162107428e-05;7.709332080201748e-05;8.711772212246435e-05;5.608075920291859e-05;
3.8869294601312587e-05;4.332814474555103e-05;3.3969729041366094e-05;3.516428577027431e-05;4.007924146608702e-05;3.814747846929635e-05;3.8914906355782866e-05;4.026941663091399e-05;8.245946323593085e-05;3.603729393486881e-05;3.333839129016557e-05;3.745009752558121e-05;3.74874510715897e-05;4.134486674225006e-05;3.671621644116215e-05;3.484244909791226e-05;3.818044255014398e-05;4.1889319791223116e-05;4.670079833697587e-05;4.118437434395976e-05;3.3576893931708576e-05;5.0245405703040726e-05;4.5037216920765004e-05;3.201898414155555e-05;3.748288967134991e-05;4.246480711524069e-05;4.076814339535914e-05;3.754630939420198e-05;3.889284071227739e-05;3.246745084522079e-05;3.339487371471653e-05;3.557966400343154e-05;
6.84466422917651e-05;6.906050880814528e-05;5.38526258430891e-05;6.899216778857792e-05;7.524340190550283e-05;0.00011132747343993747;0.00013351728071450043;7.852501865233362e-05;3.603729393486881e-05;0.00014592565288850282;8.679994058162185e-05;5.4502929004231454e-05;6.778759749391546e-05;8.083333744835268e-05;4.9143654903221545e-05;8.510679671825027e-05;3.817085948161136e-05;5.4973783115839635e-05;7.049874183918855e-05;5.308152121152454e-05;5.3052488198951066e-05;4.2138393299503156e-05;5.2664225011203066e-05;5.2051278603636926e-05;6.26695523609505e-05;4.1284614496391576e-05;6.352285874578622e-05;3.7548677898059654e-05;5.615893122607436e-05;5.6326840661138326e-05;7.673910250882712e-05;5.107354827581672e-05;
9.794626705366283e-05;9.330964591528243e-05;0.00011117441957583508;0.00010818024595873341;0.0001134127016387798;0.00014416046693649492;9.761499102843146e-05;0.00010225492179172192;3.333839129016557e-05;8.679994058162185e-05;0.0002248399450362442;8.452043708861664e-05;8.7602362079222e-05;0.00010959468180515532;5.397170720570299e-05;0.00016566535787164747;4.691599942890279e-05;6.735375759959856e-05;0.00010992787160182001;8.3491685982883e-05;6.414660505846215e-05;3.904057444520356e-05;8.0041263076492e-05;8.112566741147588e-05;9.251078190565513e-05;4.158182771036363e-05;0.0001031807303454458;4.5211651191374564e-05;9.150608172252434e-05;8.194682393732423e-05;0.00010877087290988197;5.8173037047306954e-05;
7.039312072423978e-05;6.990204847634319e-05;6.711632182240023e-05;7.545419343819667e-05;7.79605636032266e-05;8.494704723651528e-05;5.987727755943305e-05;7.803971096685837e-05;3.745009752558121e-05;5.4502929004231454e-05;8.452043708861664e-05;0.00013896763820405637;6.73657414803624e-05;8.161903243890767e-05;4.536860622659759e-05;7.775935332168289e-05;4.8529247142127586e-05;4.617350998551936e-05;8.300395921234496e-05;8.708627432554305e-05;5.174466840686229e-05;3.9739427139932596e-05;5.6127230495865694e-05;6.497008166523829e-05;6.698786545012427e-05;4.071289089564819e-05;8.217781850765516e-05;5.709317843012316e-05;7.346965541595504e-05;6.17665442875082e-05;5.999649826634009e-05;4.625338879401214e-05;
7.420073850803531e-05;7.339403968441921e-05;7.14551906125509e-05;8.352318399776355e-05;8.207368890262466e-05;9.57596820535696e-05;7.351202841964176e-05;9.181457348634027e-05;3.74874510715897e-05;6.778759749391546e-05;8.7602362079222e-05;6.73657414803624e-05;0.00017100481192257208;9.161010935330815e-05;4.7181593940395016e-05;8.31573227928754e-05;3.9466788268659315e-05;5.883649901450546e-05;9.39762113716934e-05;6.683425256083229e-05;5.404527051795407e-05;4.563400106500899e-05;5.700165727692472e-05;5.5850552812379534e-05;8.024615611556033e-05;4.6728361489536334e-05;7.974835940961334e-05;4.694261183667851e-05;6.0336885248532213e-05;6.13203389869304e-05;8.910122818420962e-05;5.2956361076897744e-05;
8.732806841868866e-05;9.678857996024696e-05;7.778067506870701e-05;0.00012596189248287472;0.00010008028541560713;0.00012561844369595487;8.271522184028731e-05;0.00012554343634034698;4.134486674225006e-05;8.083333744835268e-05;0.00010959468180515532;8.161903243890767e-05;9.161010935330815e-05;0.000266107704178589;5.6020128631954774e-05;9.665621661491301e-05;4.635427478518866e-05;5.9191588817931265e-05;0.00013724769872719135;8.439908071141646e-05;6.150673685118261e-05;4.542703795952498e-05;6.20808965930578e-05;6.812798613821294e-05;8.460792559248376e-05;4.198109523097059e-05;9.914128608932072e-05;5.0088237061596264e-05;8.09549430316426e-05;7.557401302427097e-05;6.884586390919361e-05;4.821120497000537e-05;
5.306588840272074e-05;5.977719230412137e-05;4.791425554052033e-05;4.9952595367946884e-05;5.935175736036171e-05;5.294901826810698e-05;4.8627192417005324e-05;6.249703514046968e-05;3.671621644116215e-05;4.9143654903221545e-05;5.397170720570299e-05;4.536860622659759e-05;4.7181593940395016e-05;5.6020128631954774e-05;0.00010894831133340218;5.404976625830125e-05;4.080944549505534e-05;6.36838811884522e-05;6.0554258644098445e-05;4.852005129052981e-05;5.920602936309134e-05;4.1950302403690586e-05;4.656732302090344e-05;5.29991352041403e-05;4.832294363849789e-05;4.326355132134097e-05;5.3701312779033616e-05;4.114716461677622e-05;5.9985656980470564e-05;4.087586044303776e-05;4.207406781540934e-05;4.043790409585198e-05;
8.85225665789758e-05;8.653268712010481e-05;0.0001026610399438637;9.049522818272397e-05;0.00010174728827704901;0.00012628321670403995;9.48786539304297e-05;9.725336053267107e-05;3.484244909791226e-05;8.510679671825027e-05;0.00016566535787164747;7.775935332168289e-05;8.31573227928754e-05;9.665621661491301e-05;5.404976625830125e-05;0.0001758831905989273;4.798391041393029e-05;6.356136560668034e-05;9.595689506156066e-05;7.816652106735923e-05;6.443637389168315e-05;3.8412849586210625e-05;7.822332672822302e-05;7.468139914627931e-05;8.343057677228948e-05;4.320997712705512e-05;8.919105164712402e-05;4.511998501323045e-05;7.92700722747818e-05;7.786898157528336e-05;9.614350121857126e-05;5.2423407094831935e-05;
4.7247317876808355e-05;4.2223249573084094e-05;3.830074969766051e-05;4.767084160468724e-05;4.497127122705349e-05;4.3821607733319126e-05;4.2208417137021546e-05;5.064472526843159e-05;3.818044255014398e-05;3.817085948161136e-05;4.691599942890279e-05;4.8529247142127586e-05;3.9466788268659315e-05;4.635427478518866e-05;4.080944549505534e-05;4.798391041393029e-05;0.00011332023010406382;4.4373150159639094e-05;6.069203119556777e-05;4.880369806525866e-05;3.665721692026207e-05;3.740985355790823e-05;5.085143881454096e-05;4.142206931898341e-05;3.836830931363234e-05;3.7129069056974735e-05;5.423110752887751e-05;3.995843471008124e-05;4.187042090566399e-05;3.864626925367444e-05;3.5852765059292226e-05;3.059542796779919e-05;
5.735170327992745e-05;5.4288128187808166e-05;5.568235363289535e-05;5.499898109657564e-05;5.7252113138023615e-05;5.6762965000225856e-05;5.6509754345112996e-05;6.793400198691082e-05;4.1889319791223116e-05;5.4973783115839635e-05;6.735375759959856e-05;4.617350998551936e-05;5.883649901450546e-05;5.9191588817931265e-05;6.36838811884522e-05;6.356136560668034e-05;4.4373150159639094e-05;0.00015228609440482558;6.585959833210194e-05;5.168536116513996e-05;8.118003563054005e-05;4.3258128669495914e-05;5.543083220713365e-05;5.874979868219715e-05;5.010348994010566e-05;4.96861040012922e-05;6.26744091413712e-05;4.431582488608527e-05;5.9103753469251394e-05;4.4115975427770525e-05;5.1326468660413466e-05;4.5944929570628784e-05;
9.044494339857342e-05;8.359041958364053e-05;8.594383987336739e-05;0.0001333064137366228;9.780718924765916e-05;0.00011594017283600476;8.364689163004727e-05;0.0001249767700195523;4.670079833697587e-05;7.049874183918855e-05;0.00010992787160182001;8.300395921234496e-05;9.39762113716934e-05;0.00013724769872719135;6.0554258644098445e-05;9.595689506156066e-05;6.069203119556777e-05;6.585959833210194e-05;0.0002172508284837709;9.39517412683383e-05;6.622539241681067e-05;5.32084241880414e-05;6.794002637899568e-05;8.29372561717596e-05;8.535437436528619e-05;4.5462339423217546e-05;0.00012685109904666262;5.17639450703003e-05;8.59260103739839e-05;7.284282525361794e-05;7.636275800622144e-05;4.667558730981312e-05;
7.266657697281027e-05;7.159446714323843e-05;7.191789625476297e-05;8.497073266809112e-05;8.294200050572992e-05;8.61059656127426e-05;5.5943372665683214e-05;8.889019754324501e-05;4.118437434395976e-05;5.308152121152454e-05;8.3491685982883e-05;8.708627432554305e-05;6.683425256083229e-05;8.439908071141646e-05;4.852005129052981e-05;7.816652106735923e-05;4.880369806525866e-05;5.168536116513996e-05;9.39517412683383e-05;0.00021673403778595045;5.162705909150763e-05;4.334533701697996e-05;5.544737316218275e-05;6.298811177255339e-05;6.837420523502107e-05;3.761383538260928e-05;8.605887767657442e-05;5.3174402127646004e-05;7.380800568013575e-05;6.931317617808877e-05;7.146437748654821e-05;4.473202524217342e-05;
5.614849062539088e-05;5.620222683900675e-05;5.560780613530823e-05;5.749104348045403e-05;5.380796048245845e-05;6.345786003157939e-05;5.286069856250829e-05;6.674621798449852e-05;3.3576893931708576e-05;5.3052488198951066e-05;6.414660505846215e-05;5.174466840686229e-05;5.404527051795407e-05;6.150673685118261e-05;5.920602936309134e-05;6.443637389168315e-05;3.665721692026207e-05;8.118003563054005e-05;6.622539241681067e-05;5.162705909150763e-05;0.00012873571392004002;3.507602115121543e-05;4.923971938019308e-05;6.972935618321577e-05;5.4299106403302954e-05;4.010513657902136e-05;6.227015712244883e-05;4.2187915836155734e-05;6.513612844535389e-05;4.7241501893653276e-05;5.717593498907435e-05;4.173012370891224e-05;
4.314434615023678e-05;4.376851139093015e-05;3.781423145315113e-05;4.221774082378113e-05;4.324702687658489e-05;4.066470260707234e-05;4.3207770742131665e-05;4.921159776659169e-05;5.0245405703040726e-05;4.2138393299503156e-05;3.904057444520356e-05;3.9739427139932596e-05;4.563400106500899e-05;4.542703795952498e-05;4.1950302403690586e-05;3.8412849586210625e-05;3.740985355790823e-05;4.3258128669495914e-05;5.32084241880414e-05;4.334533701697996e-05;3.507602115121543e-05;9.559930403519585e-05;4.1662836780321766e-05;3.439938241714572e-05;4.206665061164057e-05;4.479755368233972e-05;4.462092414824619e-05;4.408095794511245e-05;4.609390136150847e-05;3.836402495441821e-05;3.913640468776836e-05;3.83875362619524e-05;
6.069717331158338e-05;6.422885013842375e-05;5.77167079062787e-05;5.397618645555313e-05;6.217588531116863e-05;6.703534961175363e-05;5.646454003191465e-05;6.211939333465373e-05;4.5037216920765004e-05;5.2664225011203066e-05;8.0041263076492e-05;5.6127230495865694e-05;5.700165727692472e-05;6.20808965930578e-05;4.656732302090344e-05;7.822332672822302e-05;5.085143881454096e-05;5.543083220713365e-05;6.794002637899568e-05;5.544737316218275e-05;4.923971938019308e-05;4.1662836780321766e-05;0.0001178108553961787;5.449712627834607e-05;5.945445132907373e-05;4.63673380846923e-05;6.273736458175013e-05;4.22580246692635e-05;5.551928384020225e-05;5.0307830920102754e-05;5.797944368345379e-05;4.615665394558806e-05;
6.911465696748984e-05;6.331052189213881e-05;7.087978785383862e-05;7.659727146100238e-05;7.306647909215109e-05;7.23768468858264e-05;5.93744794386773e-05;6.921239120518229e-05;3.201898414155555e-05;5.2051278603636926e-05;8.112566741147588e-05;6.497008166523829e-05;5.5850552812379534e-05;6.812798613821294e-05;5.29991352041403e-05;7.468139914627931e-05;4.142206931898341e-05;5.874979868219715e-05;8.29372561717596e-05;6.298811177255339e-05;6.972935618321577e-05;3.439938241714572e-05;5.449712627834607e-05;0.0001870552325859092;6.02967925218866e-05;3.718326300766496e-05;7.14310288969569e-05;4.851317543859047e-05;8.244661272584874e-05;5.206524347368019e-05;5.9834540855983355e-05;4.191413306441805e-05;
7.460828913452623e-05;8.116729768800586e-05;7.365687703458164e-05;8.27304175749574e-05;9.894223359336362e-05;0.00010751743169522752;6.79001844711485e-05;8.475816682404665e-05;3.748288967134991e-05;6.26695523609505e-05;9.251078190565513e-05;6.698786545012427e-05;8.024615611556033e-05;8.460792559248376e-05;4.832294363849789e-05;8.343057677228948e-05;3.836830931363234e-05;5.010348994010566e-05;8.535437436528619e-05;6.837420523502107e-05;5.4299106403302954e-05;4.206665061164057e-05;5.945445132907373e-05;6.02967925218866e-05;0.00014531848093076678;3.972907937556e-05;7.996251191223776e-05;4.940197205420063e-05;6.912223168809866e-05;6.116007907167522e-05;8.133116703431208e-05;4.7913393776302276e-05;
4.2116658724240886e-05;4.2420834840284404e-05;3.3648970809127024e-05;2.9740829474839187e-05;4.079519171518508e-05;4.061282440607111e-05;4.808998636001485e-05;4.691310365268195e-05;4.246480711524069e-05;4.1284614496391576e-05;4.158182771036363e-05;4.071289089564819e-05;4.6728361489536334e-05;4.198109523097059e-05;4.326355132134097e-05;4.320997712705512e-05;3.7129069056974735e-05;4.96861040012922e-05;4.5462339423217546e-05;3.761383538260928e-05;4.010513657902136e-05;4.479755368233972e-05;4.63673380846923e-05;3.718326300766496e-05;3.972907937556e-05;0.00011751118983440218;3.3407548006301355e-05;4.3521551424299525e-05;4.9018901651407315e-05;4.0000980268379344e-05;4.583443509193977e-05;7.864906225108567e-05;
8.228886215726117e-05;7.586559664113302e-05;8.818958509239675e-05;0.00010841079896501012;9.268147735750323e-05;9.724168562478316e-05;7.067166974722662e-05;9.906117541841473e-05;4.076814339535914e-05;6.352285874578622e-05;0.0001031807303454458;8.217781850765516e-05;7.974835940961334e-05;9.914128608932072e-05;5.3701312779033616e-05;8.919105164712402e-05;5.423110752887751e-05;6.26744091413712e-05;0.00012685109904666262;8.605887767657442e-05;6.227015712244883e-05;4.462092414824619e-05;6.273736458175013e-05;7.14310288969569e-05;7.996251191223776e-05;3.3407548006301355e-05;0.0001728070290853869;4.630992039981142e-05;7.186437570259141e-05;6.879656046181518e-05;6.593079787010939e-05;3.9497482548970506e-05;
4.8642480995488576e-05;4.537441454945423e-05;4.0656080912970224e-05;4.673699174406705e-05;5.3226661728201025e-05;4.573113223042415e-05;3.8375105134533496e-05;5.756005006652207e-05;3.754630939420198e-05;3.7548677898059654e-05;4.5211651191374564e-05;5.709317843012316e-05;4.694261183667851e-05;5.0088237061596264e-05;4.114716461677622e-05;4.511998501323045e-05;3.995843471008124e-05;4.431582488608527e-05;5.17639450703003e-05;5.3174402127646004e-05;4.2187915836155734e-05;4.408095794511245e-05;4.22580246692635e-05;4.851317543859047e-05;4.940197205420063e-05;4.3521551424299525e-05;4.630992039981142e-05;0.00015446087216888858;6.502792456083616e-05;4.0328740303952544e-05;3.505033420772774e-05;4.415568781281129e-05;
6.874664392847427e-05;7.174458689645663e-05;7.06810080450351e-05;7.658420399773389e-05;7.012727166753828e-05;7.765760614547015e-05;6.225409724190025e-05;8.08060162107428e-05;3.889284071227739e-05;5.615893122607436e-05;9.150608172252434e-05;7.346965541595504e-05;6.0336885248532213e-05;8.09549430316426e-05;5.9985656980470564e-05;7.92700722747818e-05;4.187042090566399e-05;5.9103753469251394e-05;8.59260103739839e-05;7.380800568013575e-05;6.513612844535389e-05;4.609390136150847e-05;5.551928384020225e-05;8.244661272584874e-05;6.912223168809866e-05;4.9018901651407315e-05;7.186437570259141e-05;6.502792456083616e-05;0.00024871160871103447;6.370025127686632e-05;8.116473429502792e-05;5.0976858342972587e-05;
6.33921018966847e-05;5.681538173838273e-05;5.958812211859308e-05;7.308651388064649e-05;7.145960598716197e-05;7.267520857116025e-05;5.3893622905825486e-05;7.709332080201748e-05;3.246745084522079e-05;5.6326840661138326e-05;8.194682393732423e-05;6.17665442875082e-05;6.13203389869304e-05;7.557401302427097e-05;4.087586044303776e-05;7.786898157528336e-05;3.864626925367444e-05;4.4115975427770525e-05;7.284282525361794e-05;6.931317617808877e-05;4.7241501893653276e-05;3.836402495441821e-05;5.0307830920102754e-05;5.206524347368019e-05;6.116007907167522e-05;4.0000980268379344e-05;6.879656046181518e-05;4.0328740303952544e-05;6.370025127686632e-05;0.00015097374890934312;6.25278413113465e-05;4.9318064451333537e-05;
7.25144242336194e-05;8.706699602071597e-05;7.653743118254678e-05;8.212947397768188e-05;8.457733156693656e-05;0.00011412258154481514;8.655215943462932e-05;8.711772212246435e-05;3.339487371471653e-05;7.673910250882712e-05;0.00010877087290988197;5.999649826634009e-05;8.910122818420962e-05;6.884586390919361e-05;4.207406781540934e-05;9.614350121857126e-05;3.5852765059292226e-05;5.1326468660413466e-05;7.636275800622144e-05;7.146437748654821e-05;5.717593498907435e-05;3.913640468776836e-05;5.797944368345379e-05;5.9834540855983355e-05;8.133116703431208e-05;4.583443509193977e-05;6.593079787010939e-05;3.505033420772774e-05;8.116473429502792e-05;6.25278413113465e-05;0.00034472915838016396;6.026766733227394e-05;
4.76478592084801e-05;4.837673775220465e-05;4.008725614326303e-05;4.509591232068005e-05;4.938936509974651e-05;6.130479548937044e-05;5.489668426941515e-05;5.608075920291859e-05;3.557966400343154e-05;5.107354827581672e-05;5.8173037047306954e-05;4.625338879401214e-05;5.2956361076897744e-05;4.821120497000537e-05;4.043790409585198e-05;5.2423407094831935e-05;3.059542796779919e-05;4.5944929570628784e-05;4.667558730981312e-05;4.473202524217342e-05;4.173012370891224e-05;3.83875362619524e-05;4.615665394558806e-05;4.191413306441805e-05;4.7913393776302276e-05;7.864906225108567e-05;3.9497482548970506e-05;4.415568781281129e-05;5.0976858342972587e-05;4.9318064451333537e-05;6.026766733227394e-05;0.00013168777392793445;
