7.868612046418452e-05;8.828967022008487e-05;9.675261585732435e-05;6.481052864734973e-05;9.600394192072934e-05;0.0001127585427974154;8.636433567406487e-05;8.646440214935344e-05;5.361110614027679e-05;7.911950423672168e-05;0.00010602882636523212;7.69316571928567e-05;7.325740691029736e-05;7.839747278360946e-05;5.562912805329491e-05;0.00011523214958308112;4.811108768019077e-05;6.302815547723746e-05;7.836267404171106e-05;7.492347032552661e-05;6.662919736061951e-05;4.6665456436343915e-05;7.57822450403336e-05;7.94731699656028e-05;9.314571759282861e-05;5.222878663687644e-05;8.272829875384677e-05;4.475055136832717e-05;6.386836891547067e-05;9.248313192875979e-05;9.383682661850056e-05;5.371610812116454e-05;
8.828967022008487e-05;0.00013936704540018556;0.000107246957940184;7.232989477015819e-05;0.00010687919287833039;0.00012807824198149333;9.404451861623748e-05;9.82306335788032e-05;5.679667567598782e-05;8.627705004271112e-05;0.00011969212222476054;8.390550086991128e-05;7.395181538889102e-05;8.989367559142626e-05;6.272698811731536e-05;0.00012885669010037263;5.1087983497273083e-05;6.921360131133074e-05;8.27696595332769e-05;8.343700740123623e-05;7.334360924436358e-05;5.0909139020962836e-05;8.609411400685594e-05;8.341897510663357e-05;0.00011010544929904831;5.625031512086331e-05;9.217696781414994e-05;4.63609108378674e-05;7.196161320722076e-05;0.00010268537433418952;0.0001103593529318282;5.561061517406533e-05;
9.675261585732435e-05;0.000107246957940184;0.0002118706629738528;8.19873684205499e-05;0.00012017978613523951;0.00013382202691399617;9.70528028652012e-05;9.816552839761538e-05;6.374616048125446e-05;8.834941373441686e-05;0.00014824670707170434;9.894982002729144e-05;7.292661853788808e-05;9.304685864767747e-05;6.579987322345405e-05;0.00016222759681924125;5.4980302553806124e-05;7.320953029616086e-05;9.504551976974138e-05;9.852897303252665e-05;7.877115657982252e-05;5.343143775957033e-05;9.161919246817716e-05;9.211342165822546e-05;0.00011469391183655714;6.642411648383416e-05;0.00012592820504330032;5.287532324791189e-05;7.239789690197546e-05;0.00011598314878630377;0.00011771130007755722;6.438965754500508e-05;
6.481052864734973e-05;7.232989477015819e-05;8.19873684205499e-05;0.000266027883556318;8.274733397651722e-05;0.00010458728705199652;6.701255351100781e-05;8.35636158765985e-05;4.146309717213201e-05;5.634903323235702e-05;8.56799359713442e-05;6.88906358749457e-05;6.538565980753996e-05;7.56547011604799e-05;3.866355940891213e-05;8.846578286849777e-05;4.288002569732128e-05;4.2138180992076566e-05;7.399985582820543e-05;6.804778332293799e-05;5.1379016128378e-05;3.3292728929939086e-05;5.2676951675762435e-05;7.374318185561758e-05;7.486748040126437e-05;4.011951618817762e-05;7.528824903475945e-05;3.399034804525989e-05;5.7899356205186586e-05;7.225687717444157e-05;7.447652377439427e-05;4.224815220941724e-05;
9.600394192072934e-05;0.00010687919287833039;0.00012017978613523951;8.274733397651722e-05;0.00021289675952258124;0.0001357577787985655;9.170928455723509e-05;0.00010224640440079474;5.976073123635201e-05;8.615718625245974e-05;0.00012213852589352083;9.241298660902321e-05;8.051239009980561e-05;9.144637066815924e-05;6.311403542542936e-05;0.00013220014500225536;5.599800118029051e-05;7.043108937239309e-05;8.571749314860095e-05;9.218162841289647e-05;7.468680044736987e-05;4.857293132783894e-05;8.611763052655367e-05;9.413443025391628e-05;0.0001249184679541954;5.471377234263148e-05;9.968337971890155e-05;4.782402231039076e-05;8.008890945954947e-05;0.0001134321644709526;0.0001128033277312112;5.601163193730894e-05;
0.0001127585427974154;0.00012807824198149333;0.00013382202691399617;0.00010458728705199652;0.0001357577787985655;0.00026969911419363137;0.0001333468747026804;0.00012396527100236838;6.245955783019898e-05;0.00011727470989735486;0.0001566051031679198;0.00010020600578027719;9.385885419454676e-05;0.00011153570142426945;6.57184895329118e-05;0.00016610975791620563;6.181238087869669e-05;7.837425322213593e-05;0.00011187652910749048;0.00010498166410273539;8.190820142595286e-05;5.2227609627840796e-05;0.00010154663802149274;0.0001034592758939238;0.00014430553867661816;6.454384332929665e-05;0.00011008622705244278;4.845095091549445e-05;8.346725937576028e-05;0.00012343105121872866;0.000140247505373478;6.9313962395395e-05;
8.636433567406487e-05;9.404451861623748e-05;9.70528028652012e-05;6.701255351100781e-05;9.170928455723509e-05;0.0001333468747026804;0.00015720627830728606;8.863050428986059e-05;5.786227929913975e-05;0.0001172020854790915;0.00011333338880491035;7.716620518440928e-05;7.191378864240853e-05;8.038883937855267e-05;5.793388818858376e-05;0.00012414011624125093;4.794167811380233e-05;6.907129157758889e-05;8.116370855832049e-05;7.338743252081235e-05;7.4775183589532e-05;4.847269049296248e-05;8.00364810915255e-05;8.638020644950247e-05;9.720168866565871e-05;5.503712314709912e-05;8.248873557245296e-05;4.027910831177945e-05;6.432425515762615e-05;9.282899440621788e-05;0.00010714877780653021;5.627664673810346e-05;
8.646440214935344e-05;9.82306335788032e-05;9.816552839761538e-05;8.35636158765985e-05;0.00010224640440079474;0.00012396527100236838;8.863050428986059e-05;0.0003053615634716139;5.1203332029114595e-05;8.185503679871498e-05;0.00012233296177581075;7.679824899596437e-05;8.580437273053634e-05;0.00010533799167410435;5.622197155722145e-05;0.00013074063884550854;4.885120322475982e-05;6.41870385784755e-05;0.0001066854782547084;8.259406829786852e-05;6.501391263318595e-05;4.66728260653636e-05;7.74606582863406e-05;8.290510436272732e-05;0.00010310113940428719;4.562048059540415e-05;8.837270174239961e-05;4.563264363804403e-05;5.993942208795756e-05;0.00010074112563865432;0.00010550230531895978;5.3233924491614844e-05;
5.361110614027679e-05;5.679667567598782e-05;6.374616048125446e-05;4.146309717213201e-05;5.976073123635201e-05;6.245955783019898e-05;5.786227929913975e-05;5.1203332029114595e-05;8.94568239419189e-05;5.396876902197514e-05;6.039073660751746e-05;5.118708308599651e-05;4.843987249192237e-05;5.244343499904403e-05;4.195715665058451e-05;6.784516879931782e-05;4.036725983030859e-05;4.6309406609785765e-05;5.156725914751121e-05;5.2408822068763855e-05;4.8939158463396844e-05;4.3626301860929867e-05;5.489565484853488e-05;5.258337907465966e-05;6.0365219105077223e-05;4.1805995162747114e-05;5.050069157204875e-05;3.72411076610388e-05;4.302283312585942e-05;6.312278080613414e-05;6.254042368527636e-05;4.221823834562281e-05;
7.911950423672168e-05;8.627705004271112e-05;8.834941373441686e-05;5.634903323235702e-05;8.615718625245974e-05;0.00011727470989735486;0.0001172020854790915;8.185503679871498e-05;5.396876902197514e-05;0.0001257747154114944;0.0001040453739767201;7.231985245502734e-05;6.819253869420677e-05;7.672564043097546e-05;5.510044335891855e-05;0.00011367373226212842;4.458972147614161e-05;6.329646988787652e-05;7.660604282130887e-05;6.738343358956103e-05;6.937084261458274e-05;4.6843745491501056e-05;7.386321130439338e-05;8.055736400553753e-05;8.81508344935666e-05;5.148347862337234e-05;7.527120317893642e-05;3.8279106917504713e-05;5.5357065538482585e-05;8.626722958299055e-05;9.777551166039456e-05;5.5589827732310366e-05;
0.00010602882636523212;0.00011969212222476054;0.00014824670707170434;8.56799359713442e-05;0.00012213852589352083;0.0001566051031679198;0.00011333338880491035;0.00012233296177581075;6.039073660751746e-05;0.0001040453739767201;0.00027800273518903504;9.922205576006454e-05;8.789927947726661e-05;0.00010412644363259012;6.825688593850667e-05;0.00023216202725028946;5.192122811288968e-05;7.965905652674149e-05;0.00010507452555054088;9.532393994071248e-05;8.34803016757552e-05;5.259566270652605e-05;0.00010854414981694562;0.00010394768044977283;0.00012261023248598697;6.179958582936565e-05;0.00011213635153318658;5.2620727840453734e-05;7.866111110360811e-05;0.0001279586886841443;0.00013753641263266933;6.760020109632452e-05;
7.69316571928567e-05;8.390550086991128e-05;9.894982002729144e-05;6.88906358749457e-05;9.241298660902321e-05;0.00010020600578027719;7.716620518440928e-05;7.679824899596437e-05;5.118708308599651e-05;7.231985245502734e-05;9.922205576006454e-05;0.0001647864300909419;6.147339317667458e-05;7.589788066641903e-05;5.2479972471844056e-05;0.00010968039820126475;4.9580447151297654e-05;5.783644313273528e-05;7.572179542226702e-05;8.512958298895607e-05;6.584383889477033e-05;4.544740412206919e-05;7.167711968729249e-05;8.136160152367692e-05;8.842324973977776e-05;5.0985285090651214e-05;8.389107720332566e-05;5.5085945040653336e-05;6.532966350897053e-05;9.401316510476799e-05;9.055924080735588e-05;5.1240434364096595e-05;
7.325740691029736e-05;7.395181538889102e-05;7.292661853788808e-05;6.538565980753996e-05;8.051239009980561e-05;9.385885419454676e-05;7.191378864240853e-05;8.580437273053634e-05;4.843987249192237e-05;6.819253869420677e-05;8.789927947726661e-05;6.147339317667458e-05;0.0001378175459539716;7.81424909156565e-05;4.693342382121701e-05;9.485509832116947e-05;4.423120011952208e-05;5.1410391065039574e-05;7.964307201711702e-05;6.178920502261579e-05;5.4022455874225094e-05;3.7970837163020266e-05;6.272953643971067e-05;7.441585658949024e-05;8.105024625433298e-05;4.31604388829005e-05;6.846681076785557e-05;3.450425821062702e-05;5.76124157615352e-05;7.522227407736676e-05;8.272777816392803e-05;5.029620055059419e-05;
7.839747278360946e-05;8.989367559142626e-05;9.304685864767747e-05;7.56547011604799e-05;9.144637066815924e-05;0.00011153570142426945;8.038883937855267e-05;0.00010533799167410435;5.244343499904403e-05;7.672564043097546e-05;0.00010412644363259012;7.589788066641903e-05;7.81424909156565e-05;0.00021003974210328917;5.073095586268476e-05;0.00011465330098242212;4.3296696545338444e-05;6.02485637855926e-05;0.00010943675755106463;7.480149554009468e-05;6.555213258545482e-05;4.1833217333984994e-05;7.10451608688429e-05;7.305218261818719e-05;8.927431399988943e-05;4.9502892547839824e-05;7.569491646088775e-05;4.082200909365912e-05;6.045918541122381e-05;8.945864172074768e-05;9.355623538357996e-05;5.4291290480392194e-05;
5.562912805329491e-05;6.272698811731536e-05;6.579987322345405e-05;3.866355940891213e-05;6.311403542542936e-05;6.57184895329118e-05;5.793388818858376e-05;5.622197155722145e-05;4.195715665058451e-05;5.510044335891855e-05;6.825688593850667e-05;5.2479972471844056e-05;4.693342382121701e-05;5.073095586268476e-05;7.518958014634236e-05;7.386005429301252e-05;3.6258662840563074e-05;5.533025253482524e-05;4.902607966941516e-05;5.068699775191288e-05;5.620177139386645e-05;4.0499710088118235e-05;5.319963943495558e-05;5.8097844595791345e-05;6.295016576557868e-05;4.263533218052268e-05;5.91378532753368e-05;3.586822655237368e-05;5.002692854332647e-05;6.154243904847947e-05;6.350811082267759e-05;4.045140406650153e-05;
0.00011523214958308112;0.00012885669010037263;0.00016222759681924125;8.846578286849777e-05;0.00013220014500225536;0.00016610975791620563;0.00012414011624125093;0.00013074063884550854;6.784516879931782e-05;0.00011367373226212842;0.00023216202725028946;0.00010968039820126475;9.485509832116947e-05;0.00011465330098242212;7.386005429301252e-05;0.00029955430005961507;5.633458293781192e-05;8.568723477847575e-05;0.0001126943595653072;0.00010503597022110943;9.373295274960797e-05;5.8746612116723285e-05;0.00012124300404520283;0.00011468228326749838;0.00012912445801660364;7.316890161250363e-05;0.00011787097343665665;5.716411734486252e-05;8.664848828416683e-05;0.00013887618598136807;0.00015383200916891773;7.70439984327864e-05;
4.811108768019077e-05;5.1087983497273083e-05;5.4980302553806124e-05;4.288002569732128e-05;5.599800118029051e-05;6.181238087869669e-05;4.794167811380233e-05;4.885120322475982e-05;4.036725983030859e-05;4.458972147614161e-05;5.192122811288968e-05;4.9580447151297654e-05;4.423120011952208e-05;4.3296696545338444e-05;3.6258662840563074e-05;5.633458293781192e-05;8.264962142166638e-05;4.241767389194817e-05;4.8438646498948606e-05;5.852025937763956e-05;4.2000181625833444e-05;3.186611524425651e-05;4.630740510626734e-05;4.751641481756954e-05;4.9724512060457255e-05;3.167502172927706e-05;5.153498904389325e-05;3.133746965610513e-05;4.261039302808906e-05;5.230903774308078e-05;5.4269838450928e-05;3.287331897729505e-05;
6.302815547723746e-05;6.921360131133074e-05;7.320953029616086e-05;4.2138180992076566e-05;7.043108937239309e-05;7.837425322213593e-05;6.907129157758889e-05;6.41870385784755e-05;4.6309406609785765e-05;6.329646988787652e-05;7.965905652674149e-05;5.783644313273528e-05;5.1410391065039574e-05;6.02485637855926e-05;5.533025253482524e-05;8.568723477847575e-05;4.241767389194817e-05;0.0001321595650214806;5.602316172755487e-05;5.5998789403988495e-05;7.402206701715286e-05;4.5138002453094254e-05;6.082762982006116e-05;6.541776500073945e-05;6.841455208972131e-05;4.858375110649825e-05;6.334129119621684e-05;3.8587050591096594e-05;5.7058449834298644e-05;7.173354676652081e-05;7.105731351192267e-05;4.8339804646743284e-05;
7.836267404171106e-05;8.27696595332769e-05;9.504551976974138e-05;7.399985582820543e-05;8.571749314860095e-05;0.00011187652910749048;8.116370855832049e-05;0.0001066854782547084;5.156725914751121e-05;7.660604282130887e-05;0.00010507452555054088;7.572179542226702e-05;7.964307201711702e-05;0.00010943675755106463;4.902607966941516e-05;0.0001126943595653072;4.8438646498948606e-05;5.602316172755487e-05;0.0002051507302902887;7.481502922355232e-05;5.8993482859898843e-05;4.425322297380518e-05;6.920469490005124e-05;7.717985633686722e-05;8.686955228431683e-05;5.167803979896189e-05;7.563835971696957e-05;4.720473204909195e-05;6.362100728479453e-05;9.03276718712614e-05;8.741501786413003e-05;5.354380472341014e-05;
7.492347032552661e-05;8.343700740123623e-05;9.852897303252665e-05;6.804778332293799e-05;9.218162841289647e-05;0.00010498166410273539;7.338743252081235e-05;8.259406829786852e-05;5.2408822068763855e-05;6.738343358956103e-05;9.532393994071248e-05;8.512958298895607e-05;6.178920502261579e-05;7.480149554009468e-05;5.068699775191288e-05;0.00010503597022110943;5.852025937763956e-05;5.5998789403988495e-05;7.481502922355232e-05;0.00021181896364590275;5.8401259940733033e-05;4.074186655920947e-05;7.051937508548576e-05;7.931893806757483e-05;8.761647670428775e-05;4.604970479345449e-05;9.085417610349817e-05;4.652339199584962e-05;6.164574857276656e-05;9.219935102509043e-05;8.440384453660598e-05;4.5732407797006275e-05;
6.662919736061951e-05;7.334360924436358e-05;7.877115657982252e-05;5.1379016128378e-05;7.468680044736987e-05;8.190820142595286e-05;7.4775183589532e-05;6.501391263318595e-05;4.8939158463396844e-05;6.937084261458274e-05;8.34803016757552e-05;6.584383889477033e-05;5.4022455874225094e-05;6.555213258545482e-05;5.620177139386645e-05;9.373295274960797e-05;4.2000181625833444e-05;7.402206701715286e-05;5.8993482859898843e-05;5.8401259940733033e-05;0.00012591202144323702;4.3459996561325505e-05;6.586641441834535e-05;7.3307175030355e-05;7.292815641804463e-05;4.9603416495609275e-05;7.41203057997283e-05;3.935861828872648e-05;5.9446213603638134e-05;8.00036411274756e-05;8.39359373512363e-05;4.8954729973393675e-05;
4.6665456436343915e-05;5.0909139020962836e-05;5.343143775957033e-05;3.3292728929939086e-05;4.857293132783894e-05;5.2227609627840796e-05;4.847269049296248e-05;4.66728260653636e-05;4.3626301860929867e-05;4.6843745491501056e-05;5.259566270652605e-05;4.544740412206919e-05;3.7970837163020266e-05;4.1833217333984994e-05;4.0499710088118235e-05;5.8746612116723285e-05;3.186611524425651e-05;4.5138002453094254e-05;4.425322297380518e-05;4.074186655920947e-05;4.3459996561325505e-05;7.639418662042178e-05;4.827019112914983e-05;4.29726493634201e-05;5.1075281497898296e-05;3.727330851197557e-05;4.472405524451521e-05;3.690751352422474e-05;4.549630240567469e-05;5.395290710636426e-05;5.304204294872146e-05;3.9090742110558863e-05;
7.57822450403336e-05;8.609411400685594e-05;9.161919246817716e-05;5.2676951675762435e-05;8.611763052655367e-05;0.00010154663802149274;8.00364810915255e-05;7.74606582863406e-05;5.489565484853488e-05;7.386321130439338e-05;0.00010854414981694562;7.167711968729249e-05;6.272953643971067e-05;7.10451608688429e-05;5.319963943495558e-05;0.00012124300404520283;4.630740510626734e-05;6.082762982006116e-05;6.920469490005124e-05;7.051937508548576e-05;6.586641441834535e-05;4.827019112914983e-05;0.00013187310182455155;8.142226643158122e-05;8.536265201083795e-05;5.262781970377096e-05;7.767855511941669e-05;4.672933919213041e-05;6.135227808152389e-05;9.184920200987948e-05;8.908544404120239e-05;5.274106477564987e-05;
7.94731699656028e-05;8.341897510663357e-05;9.211342165822546e-05;7.374318185561758e-05;9.413443025391628e-05;0.0001034592758939238;8.638020644950247e-05;8.290510436272732e-05;5.258337907465966e-05;8.055736400553753e-05;0.00010394768044977283;8.136160152367692e-05;7.441585658949024e-05;7.305218261818719e-05;5.8097844595791345e-05;0.00011468228326749838;4.751641481756954e-05;6.541776500073945e-05;7.717985633686722e-05;7.931893806757483e-05;7.3307175030355e-05;4.29726493634201e-05;8.142226643158122e-05;0.0002166082810857745;9.279415367621862e-05;4.34290305309402e-05;7.966936067544623e-05;4.441874149806776e-05;6.708103590777941e-05;9.58156914479137e-05;9.253665916263151e-05;5.04163203954365e-05;
9.314571759282861e-05;0.00011010544929904831;0.00011469391183655714;7.486748040126437e-05;0.0001249184679541954;0.00014430553867661816;9.720168866565871e-05;0.00010310113940428719;6.0365219105077223e-05;8.81508344935666e-05;0.00012261023248598697;8.842324973977776e-05;8.105024625433298e-05;8.927431399988943e-05;6.295016576557868e-05;0.00012912445801660364;4.9724512060457255e-05;6.841455208972131e-05;8.686955228431683e-05;8.761647670428775e-05;7.292815641804463e-05;5.1075281497898296e-05;8.536265201083795e-05;9.279415367621862e-05;0.00015491571162774885;5.518580277724649e-05;9.551826929003549e-05;4.7491562796320394e-05;7.977782148116595e-05;0.00011015000675055614;0.00011079747897325555;5.761348177153103e-05;
5.222878663687644e-05;5.625031512086331e-05;6.642411648383416e-05;4.011951618817762e-05;5.471377234263148e-05;6.454384332929665e-05;5.503712314709912e-05;4.562048059540415e-05;4.1805995162747114e-05;5.148347862337234e-05;6.179958582936565e-05;5.0985285090651214e-05;4.31604388829005e-05;4.9502892547839824e-05;4.263533218052268e-05;7.316890161250363e-05;3.167502172927706e-05;4.858375110649825e-05;5.167803979896189e-05;4.604970479345449e-05;4.9603416495609275e-05;3.727330851197557e-05;5.262781970377096e-05;4.34290305309402e-05;5.518580277724649e-05;0.0001023413014270433;5.080403906078751e-05;3.680328995333036e-05;4.1925629507391855e-05;6.140627020327214e-05;6.596954842926557e-05;6.901030782992409e-05;
8.272829875384677e-05;9.217696781414994e-05;0.00012592820504330032;7.528824903475945e-05;9.968337971890155e-05;0.00011008622705244278;8.248873557245296e-05;8.837270174239961e-05;5.050069157204875e-05;7.527120317893642e-05;0.00011213635153318658;8.389107720332566e-05;6.846681076785557e-05;7.569491646088775e-05;5.91378532753368e-05;0.00011787097343665665;5.153498904389325e-05;6.334129119621684e-05;7.563835971696957e-05;9.085417610349817e-05;7.41203057997283e-05;4.472405524451521e-05;7.767855511941669e-05;7.966936067544623e-05;9.551826929003549e-05;5.080403906078751e-05;0.00024504100876676313;4.3284149129917875e-05;6.541312885392768e-05;9.756970154996066e-05;9.129081694656898e-05;5.208970551015213e-05;
4.475055136832717e-05;4.63609108378674e-05;5.287532324791189e-05;3.399034804525989e-05;4.782402231039076e-05;4.845095091549445e-05;4.027910831177945e-05;4.563264363804403e-05;3.72411076610388e-05;3.8279106917504713e-05;5.2620727840453734e-05;5.5085945040653336e-05;3.450425821062702e-05;4.082200909365912e-05;3.586822655237368e-05;5.716411734486252e-05;3.133746965610513e-05;3.8587050591096594e-05;4.720473204909195e-05;4.652339199584962e-05;3.935861828872648e-05;3.690751352422474e-05;4.672933919213041e-05;4.441874149806776e-05;4.7491562796320394e-05;3.680328995333036e-05;4.3284149129917875e-05;8.72532548782261e-05;4.17326181596147e-05;5.454242567369358e-05;4.833111613311613e-05;3.5479089016706546e-05;
6.386836891547067e-05;7.196161320722076e-05;7.239789690197546e-05;5.7899356205186586e-05;8.008890945954947e-05;8.346725937576028e-05;6.432425515762615e-05;5.993942208795756e-05;4.302283312585942e-05;5.5357065538482585e-05;7.866111110360811e-05;6.532966350897053e-05;5.76124157615352e-05;6.045918541122381e-05;5.002692854332647e-05;8.664848828416683e-05;4.261039302808906e-05;5.7058449834298644e-05;6.362100728479453e-05;6.164574857276656e-05;5.9446213603638134e-05;4.549630240567469e-05;6.135227808152389e-05;6.708103590777941e-05;7.977782148116595e-05;4.1925629507391855e-05;6.541312885392768e-05;4.17326181596147e-05;0.0002559837397681485;7.636879506419975e-05;7.516211686722388e-05;4.243239430690596e-05;
9.248313192875979e-05;0.00010268537433418952;0.00011598314878630377;7.225687717444157e-05;0.0001134321644709526;0.00012343105121872866;9.282899440621788e-05;0.00010074112563865432;6.312278080613414e-05;8.626722958299055e-05;0.0001279586886841443;9.401316510476799e-05;7.522227407736676e-05;8.945864172074768e-05;6.154243904847947e-05;0.00013887618598136807;5.230903774308078e-05;7.173354676652081e-05;9.03276718712614e-05;9.219935102509043e-05;8.00036411274756e-05;5.395290710636426e-05;9.184920200987948e-05;9.58156914479137e-05;0.00011015000675055614;6.140627020327214e-05;9.756970154996066e-05;5.454242567369358e-05;7.636879506419975e-05;0.00018288424453866665;0.00011016012545303091;6.276528939623063e-05;
9.383682661850056e-05;0.0001103593529318282;0.00011771130007755722;7.447652377439427e-05;0.0001128033277312112;0.000140247505373478;0.00010714877780653021;0.00010550230531895978;6.254042368527636e-05;9.777551166039456e-05;0.00013753641263266933;9.055924080735588e-05;8.272777816392803e-05;9.355623538357996e-05;6.350811082267759e-05;0.00015383200916891773;5.4269838450928e-05;7.105731351192267e-05;8.741501786413003e-05;8.440384453660598e-05;8.39359373512363e-05;5.304204294872146e-05;8.908544404120239e-05;9.253665916263151e-05;0.00011079747897325555;6.596954842926557e-05;9.129081694656898e-05;4.833111613311613e-05;7.516211686722388e-05;0.00011016012545303091;0.00018329954830653212;6.479045490400362e-05;
5.371610812116454e-05;5.561061517406533e-05;6.438965754500508e-05;4.224815220941724e-05;5.601163193730894e-05;6.9313962395395e-05;5.627664673810346e-05;5.3233924491614844e-05;4.221823834562281e-05;5.5589827732310366e-05;6.760020109632452e-05;5.1240434364096595e-05;5.029620055059419e-05;5.4291290480392194e-05;4.045140406650153e-05;7.70439984327864e-05;3.287331897729505e-05;4.8339804646743284e-05;5.354380472341014e-05;4.5732407797006275e-05;4.8954729973393675e-05;3.9090742110558863e-05;5.274106477564987e-05;5.04163203954365e-05;5.761348177153103e-05;6.901030782992409e-05;5.208970551015213e-05;3.5479089016706546e-05;4.243239430690596e-05;6.276528939623063e-05;6.479045490400362e-05;9.267746724007501e-05;
