8.58328665041683e-05;9.295142275798143e-05;9.473536747186093e-05;7.617896335686187e-05;0.00010176486693066972;0.00011619567422580691;9.767610348980026e-05;9.253315460419195e-05;5.8173173705167966e-05;8.886507416255221e-05;0.00011846357694578404;8.176466667140594e-05;8.048865581939874e-05;8.793740459566938e-05;6.355334524399564e-05;0.00012222845124091274;5.600434492863396e-05;7.305008568479961e-05;8.922414600757226e-05;8.17313542023575e-05;7.28943946298366e-05;5.3716098080677523e-05;8.212697512635205e-05;8.549654966517353e-05;9.726333112993381e-05;5.904963151485056e-05;9.12375060504758e-05;5.139285368360347e-05;7.078375818765841e-05;9.87082437955268e-05;9.845846926454772e-05;5.9145682449149984e-05;
9.295142275798143e-05;0.00014386664216099057;0.00010198742746194975;7.890306162749514e-05;0.0001095946729037691;0.00013172343417256589;0.00010099097748481524;0.00010201866477608845;5.98007391953856e-05;9.264029147117576e-05;0.0001274819893390072;8.566196800363994e-05;7.814713832640312e-05;9.702491432686305e-05;7.030652690262758e-05;0.0001319841137889817;5.859100844676072e-05;7.613820228714836e-05;9.160903838127911e-05;8.583163745398787e-05;7.656601170871111e-05;5.653758049565765e-05;8.988546715127496e-05;8.443185906313594e-05;0.0001128267674102333;6.250792610997247e-05;9.372828934441989e-05;5.2497160371207114e-05;7.544088034979035e-05;0.00010492848052039127;0.00011355812727394732;6.078641828143831e-05;
9.473536747186093e-05;0.00010198742746194975;0.00021002294810535286;8.105683230236696e-05;0.00011161612140028517;0.00012307795913603007;9.603975242101028e-05;9.309425629023606e-05;6.289289627510273e-05;8.450041767283448e-05;0.00014585438757094328;9.103819868174374e-05;7.347275092667043e-05;9.249884904435848e-05;6.848229088043645e-05;0.00015239005352426623;5.440006021294017e-05;7.895494225415402e-05;9.308607339448503e-05;9.513255802979506e-05;8.157352385967161e-05;5.5712301849356895e-05;9.177429026597812e-05;9.410175895948952e-05;0.00010985515004891918;6.527280438916348e-05;0.00012055645764328086;5.251601136884221e-05;7.203015019981789e-05;0.00011016770009664596;0.00011292793732304912;6.363011656381772e-05;
7.617896335686187e-05;7.890306162749514e-05;8.105683230236696e-05;0.0002925167282924635;9.500879838592508e-05;0.00011391478436853636;8.183371219829173e-05;9.389631671055e-05;4.643561747794798e-05;6.968989239847527e-05;0.00010230628207708735;7.747784048534317e-05;7.574033248426885e-05;9.036090202922765e-05;4.6359720660099326e-05;0.0001007568414624794;5.300216954567418e-05;5.353625425610313e-05;9.355123850010697e-05;7.870921494148076e-05;5.838875962821047e-05;4.131551953368158e-05;5.849176191352988e-05;8.066274927314404e-05;8.361747023071803e-05;4.803136242191288e-05;8.631389208857304e-05;4.086441741084988e-05;6.960664933732299e-05;8.379815222365275e-05;8.191297357268604e-05;4.933140970376908e-05;
0.00010176486693066972;0.0001095946729037691;0.00011161612140028517;9.500879838592508e-05;0.00021557048748144087;0.000132378346021056;0.00010144778671966455;0.00010354179375474279;6.541993999531884e-05;9.490558939183703e-05;0.00013311897418306998;9.4700148877597e-05;8.57416836724175e-05;0.00010135262085995419;7.15107431994779e-05;0.00013700254795494997;6.312142474793289e-05;8.179420989050275e-05;9.392930524417565e-05;9.925592767670248e-05;7.686020989207825e-05;5.6186311911201003e-05;9.376519113862746e-05;9.754842336671896e-05;0.00012478667396243764;6.189236198877185e-05;0.0001043837307931362;5.7738200892142875e-05;8.628526304768626e-05;0.00011838469667484604;0.00011533376327804479;6.016483437234093e-05;
0.00011619567422580691;0.00013172343417256589;0.00012307795913603007;0.00011391478436853636;0.000132378346021056;0.00028170897408697615;0.00014882141379011818;0.00012264348180280295;6.346904631049355e-05;0.00013041621632472555;0.00016623008075604943;9.722961520150537e-05;9.812276360598543e-05;0.00012157846081763529;7.264499500889334e-05;0.00016707378429182894;6.622807153502179e-05;8.435241736226542e-05;0.00012099859379521442;0.00010306391988786992;8.441790523983398e-05;5.597496889154029e-05;0.00010264528654375681;0.00010383207628816459;0.00014285861124440185;7.030682947127228e-05;0.00010994783436805103;5.104112830885145e-05;8.261521319593319e-05;0.00012241911872416867;0.00014195919199644672;7.345253309990632e-05;
9.767610348980026e-05;0.00010099097748481524;9.603975242101028e-05;8.183371219829173e-05;0.00010144778671966455;0.00014882141379011818;0.00019514474342479158;9.989620724990325e-05;6.458370634578891e-05;0.00014618330066189204;0.00013000985654088848;8.237892334918142e-05;8.483752151536787e-05;9.501019945318171e-05;6.848471881901946e-05;0.00013541492219616455;5.705375886522471e-05;8.130992765462445e-05;9.589557364852337e-05;8.073444495505939e-05;8.215545472482563e-05;5.929126201352747e-05;8.860723511127078e-05;8.95656616554165e-05;0.00010424780265251224;6.508939631981103e-05;9.222760728313278e-05;4.658709392331323e-05;7.05965021211032e-05;0.00010004747858366537;0.00011605441599538846;6.491232215471132e-05;
9.253315460419195e-05;0.00010201866477608845;9.309425629023606e-05;9.389631671055e-05;0.00010354179375474279;0.00012264348180280295;9.989620724990325e-05;0.0002724366522648026;5.735006818847342e-05;9.260989899509176e-05;0.000134555727305629;8.291279303284941e-05;9.232302715943241e-05;0.00011531958818465208;6.463270359575409e-05;0.00013591648351364422;5.9348244892886225e-05;7.746617013281091e-05;0.00011396808827173875;8.902855173516685e-05;7.213010100196884e-05;5.354193415032938e-05;8.499771944864932e-05;8.712863683733986e-05;0.00010663163491558037;5.674924933839331e-05;9.574226017416935e-05;5.196849065841363e-05;6.706385952067934e-05;0.00010230511804313799;0.00010557687398609063;6.023340078490583e-05;
5.8173173705167966e-05;5.98007391953856e-05;6.289289627510273e-05;4.643561747794798e-05;6.541993999531884e-05;6.346904631049355e-05;6.458370634578891e-05;5.735006818847342e-05;9.229438813610837e-05;5.9077864715360646e-05;6.875450474224338e-05;5.504967317733953e-05;5.3587737195808976e-05;5.8112687482508206e-05;4.7254881670477896e-05;7.44173211013314e-05;4.5669558837798546e-05;5.3189504945381625e-05;5.76471425339642e-05;5.660959343185159e-05;5.246197045150241e-05;4.8562131531232514e-05;6.053434550775972e-05;5.6083809124532706e-05;6.344087085084452e-05;4.6795221691218526e-05;5.878288216398161e-05;4.0849764252343554e-05;4.623408082025729e-05;6.712678477160589e-05;6.533836669917404e-05;4.640103157960018e-05;
8.886507416255221e-05;9.264029147117576e-05;8.450041767283448e-05;6.968989239847527e-05;9.490558939183703e-05;0.00013041621632472555;0.00014618330066189204;9.260989899509176e-05;5.9077864715360646e-05;0.00015089376912693134;0.00011968325162186261;7.755910559043866e-05;7.916606741845098e-05;8.939034097717808e-05;6.509928849793226e-05;0.00012433609185590825;5.382893969683723e-05;7.4851603758394e-05;8.683894660175275e-05;7.38926183927074e-05;7.534200793259704e-05;5.605534431238357e-05;8.173945817722526e-05;8.24076588972569e-05;9.358343293556949e-05;6.0394937323191385e-05;8.405845884021253e-05;4.427433658719501e-05;6.292229242801535e-05;9.361063066411877e-05;0.00010544236200598534;6.251376979772272e-05;
0.00011846357694578404;0.0001274819893390072;0.00014585438757094328;0.00010230628207708735;0.00013311897418306998;0.00016623008075604943;0.00013000985654088848;0.000134555727305629;6.875450474224338e-05;0.00011968325162186261;0.0002853846647029584;0.00010583183090892415;0.00010105353430647388;0.00011852174750662008;8.055697479331739e-05;0.00023926885231391947;6.5060304555123e-05;9.351938982031871e-05;0.00012199137920240872;0.0001063186815624498;9.409883119174612e-05;6.37433075811153e-05;0.00011791631161296564;0.00011203120156528243;0.000130842013469431;7.226983210789159e-05;0.00012826300075714444;6.169364075135351e-05;9.25157475224206e-05;0.00013908809324183945;0.00014402943593917517;7.714689438344877e-05;
8.176466667140594e-05;8.566196800363994e-05;9.103819868174374e-05;7.747784048534317e-05;9.4700148877597e-05;9.722961520150537e-05;8.237892334918142e-05;8.291279303284941e-05;5.504967317733953e-05;7.755910559043866e-05;0.00010583183090892415;0.00016314719445024962;6.851899891941229e-05;8.081819202818094e-05;5.9782211043610686e-05;0.00011196419732857616;5.564426954559225e-05;6.754362077871091e-05;8.294904900083782e-05;9.013790327201381e-05;7.127392501069023e-05;5.088062728076372e-05;7.726156389354292e-05;8.491302519445697e-05;8.925134697545588e-05;5.7035046389746874e-05;8.958475174149086e-05;6.11912400010535e-05;7.307637501445164e-05;9.833916610798405e-05;9.112507336144377e-05;5.610655811613481e-05;
8.048865581939874e-05;7.814713832640312e-05;7.347275092667043e-05;7.574033248426885e-05;8.57416836724175e-05;9.812276360598543e-05;8.483752151536787e-05;9.232302715943241e-05;5.3587737195808976e-05;7.916606741845098e-05;0.00010105353430647388;6.851899891941229e-05;0.00015200201955883265;8.864888612353975e-05;5.331063246391804e-05;0.00010176181579648179;5.2847316058026434e-05;6.237128240262025e-05;8.842683887795909e-05;6.861465317137494e-05;5.967950270967787e-05;4.499697347686428e-05;6.74809308384621e-05;7.677333270126575e-05;8.746759107717848e-05;5.077661944012265e-05;7.858716297670998e-05;4.2410858010396106e-05;6.170053608834694e-05;7.98197551813934e-05;9.005074454340094e-05;5.615968351115778e-05;
8.793740459566938e-05;9.702491432686305e-05;9.249884904435848e-05;9.036090202922765e-05;0.00010135262085995419;0.00012157846081763529;9.501019945318171e-05;0.00011531958818465208;5.8112687482508206e-05;8.939034097717808e-05;0.00011852174750662008;8.081819202818094e-05;8.864888612353975e-05;0.000224231286524895;5.966092644300681e-05;0.00012095580737679398;5.4297425763823285e-05;7.387582846958607e-05;0.000123291645628942;8.302989966330222e-05;7.257898945012765e-05;5.038607867753729e-05;7.800316037761808e-05;7.831484381584942e-05;9.830812001613074e-05;5.8426581581829095e-05;8.970677229013608e-05;4.483723355497155e-05;6.694034940794711e-05;9.789302555682977e-05;0.0001003350657324574;6.218216006008989e-05;
6.355334524399564e-05;7.030652690262758e-05;6.848229088043645e-05;4.6359720660099326e-05;7.15107431994779e-05;7.264499500889334e-05;6.848471881901946e-05;6.463270359575409e-05;4.7254881670477896e-05;6.509928849793226e-05;8.055697479331739e-05;5.9782211043610686e-05;5.331063246391804e-05;5.966092644300681e-05;8.437507642984998e-05;8.453614026706502e-05;4.523164061759042e-05;6.736266250237002e-05;5.976214442060446e-05;5.6702977938614596e-05;6.394473551563858e-05;4.767609493228246e-05;6.086641081578544e-05;6.649859837387757e-05;6.841533979998328e-05;4.882429582047711e-05;6.882167244557554e-05;4.346057031462355e-05;6.0023100313334954e-05;6.859210740736674e-05;7.033871516555173e-05;4.619155682619639e-05;
0.00012222845124091274;0.0001319841137889817;0.00015239005352426623;0.0001007568414624794;0.00013700254795494997;0.00016707378429182894;0.00013541492219616455;0.00013591648351364422;7.44173211013314e-05;0.00012433609185590825;0.00023926885231391947;0.00011196419732857616;0.00010176181579648179;0.00012095580737679398;8.453614026706502e-05;0.00029310130084767597;6.854136309015785e-05;9.816481801004878e-05;0.0001242838933524565;0.00011330612016513094;0.0001001203582269757;6.664430244534326e-05;0.0001261855394119527;0.00012087155671699149;0.00013238135729801444;8.038105472924212e-05;0.00012767780008409387;6.63698523098015e-05;9.401112822403308e-05;0.00014281084772512046;0.0001526393741654245;8.283433304744504e-05;
5.600434492863396e-05;5.859100844676072e-05;5.440006021294017e-05;5.300216954567418e-05;6.312142474793289e-05;6.622807153502179e-05;5.705375886522471e-05;5.9348244892886225e-05;4.5669558837798546e-05;5.382893969683723e-05;6.5060304555123e-05;5.564426954559225e-05;5.2847316058026434e-05;5.4297425763823285e-05;4.523164061759042e-05;6.854136309015785e-05;9.094302082527204e-05;5.205644825039865e-05;6.019933349440874e-05;6.458898817672908e-05;4.755297984380114e-05;3.984177010937198e-05;5.392585727293106e-05;5.107099523878247e-05;5.501330143415999e-05;4.167527399131865e-05;5.797719817781139e-05;3.8089337129829804e-05;4.857679518475146e-05;5.973461911718877e-05;6.333125459707538e-05;3.979977452270427e-05;
7.305008568479961e-05;7.613820228714836e-05;7.895494225415402e-05;5.353625425610313e-05;8.179420989050275e-05;8.435241736226542e-05;8.130992765462445e-05;7.746617013281091e-05;5.3189504945381625e-05;7.4851603758394e-05;9.351938982031871e-05;6.754362077871091e-05;6.237128240262025e-05;7.387582846958607e-05;6.736266250237002e-05;9.816481801004878e-05;5.205644825039865e-05;0.00014503486321588502;7.06960660783823e-05;6.366176982655356e-05;8.444563277631142e-05;5.303437388039434e-05;7.017314225138002e-05;7.444565075438077e-05;7.519346392569988e-05;5.8189444358154644e-05;7.695442615087557e-05;4.68418754509168e-05;6.832968939504302e-05;8.1191247189121e-05;8.062029081553406e-05;5.5555553083410775e-05;
8.922414600757226e-05;9.160903838127911e-05;9.308607339448503e-05;9.355123850010697e-05;9.392930524417565e-05;0.00012099859379521442;9.589557364852337e-05;0.00011396808827173875;5.76471425339642e-05;8.683894660175275e-05;0.00012199137920240872;8.294904900083782e-05;8.842683887795909e-05;0.000123291645628942;5.976214442060446e-05;0.0001242838933524565;6.019933349440874e-05;7.06960660783823e-05;0.00022435895155633402;8.516183672334265e-05;6.993380918587335e-05;5.531695597034354e-05;7.938136217376083e-05;8.65471109080606e-05;9.43424191267522e-05;6.346050966237322e-05;9.18083655655262e-05;5.3106532302750275e-05;7.524382091481639e-05;0.00010032227527125523;9.549412010570384e-05;6.087358064616466e-05;
8.17313542023575e-05;8.583163745398787e-05;9.513255802979506e-05;7.870921494148076e-05;9.925592767670248e-05;0.00010306391988786992;8.073444495505939e-05;8.902855173516685e-05;5.660959343185159e-05;7.38926183927074e-05;0.0001063186815624498;9.013790327201381e-05;6.861465317137494e-05;8.302989966330222e-05;5.6702977938614596e-05;0.00011330612016513094;6.458898817672908e-05;6.366176982655356e-05;8.516183672334265e-05;0.00022374063653069097;6.400297777200095e-05;4.836250633538281e-05;7.624801252784457e-05;8.632666426288211e-05;8.94521737367581e-05;5.197263023747682e-05;9.726456770594938e-05;5.081413845384934e-05;6.98123018049909e-05;9.977608155790449e-05;8.734020190961372e-05;5.2375242379100466e-05;
7.28943946298366e-05;7.656601170871111e-05;8.157352385967161e-05;5.838875962821047e-05;7.686020989207825e-05;8.441790523983398e-05;8.215545472482563e-05;7.213010100196884e-05;5.246197045150241e-05;7.534200793259704e-05;9.409883119174612e-05;7.127392501069023e-05;5.967950270967787e-05;7.257898945012765e-05;6.394473551563858e-05;0.0001001203582269757;4.755297984380114e-05;8.444563277631142e-05;6.993380918587335e-05;6.400297777200095e-05;0.00013360161154213335;5.0218638425455886e-05;7.261379029683027e-05;8.193529657734343e-05;7.566216925671157e-05;5.535315332608138e-05;8.236774152131444e-05;4.555292599942652e-05;7.122130522768196e-05;8.511197968966664e-05;8.832969397593126e-05;5.194414701232622e-05;
5.3716098080677523e-05;5.653758049565765e-05;5.5712301849356895e-05;4.131551953368158e-05;5.6186311911201003e-05;5.597496889154029e-05;5.929126201352747e-05;5.354193415032938e-05;4.8562131531232514e-05;5.605534431238357e-05;6.37433075811153e-05;5.088062728076372e-05;4.499697347686428e-05;5.038607867753729e-05;4.767609493228246e-05;6.664430244534326e-05;3.984177010937198e-05;5.303437388039434e-05;5.531695597034354e-05;4.836250633538281e-05;5.0218638425455886e-05;8.514873693567259e-05;5.477358139369333e-05;5.0747598371038496e-05;5.58848640343633e-05;4.371956198538327e-05;5.503848485977546e-05;4.351504969064548e-05;5.324350936017629e-05;5.950954200054889e-05;5.8680305681151257e-05;4.4150383518600804e-05;
8.212697512635205e-05;8.988546715127496e-05;9.177429026597812e-05;5.849176191352988e-05;9.376519113862746e-05;0.00010264528654375681;8.860723511127078e-05;8.499771944864932e-05;6.053434550775972e-05;8.173945817722526e-05;0.00011791631161296564;7.726156389354292e-05;6.74809308384621e-05;7.800316037761808e-05;6.086641081578544e-05;0.0001261855394119527;5.392585727293106e-05;7.017314225138002e-05;7.938136217376083e-05;7.624801252784457e-05;7.261379029683027e-05;5.477358139369333e-05;0.00013567185136504768;8.855698722270034e-05;8.888824758257011e-05;5.805045207834893e-05;8.461541533617743e-05;5.2546727153134805e-05;6.950111268234045e-05;9.791237852547044e-05;9.35489003959193e-05;5.8260282957316873e-05;
8.549654966517353e-05;8.443185906313594e-05;9.410175895948952e-05;8.066274927314404e-05;9.754842336671896e-05;0.00010383207628816459;8.95656616554165e-05;8.712863683733986e-05;5.6083809124532706e-05;8.24076588972569e-05;0.00011203120156528243;8.491302519445697e-05;7.677333270126575e-05;7.831484381584942e-05;6.649859837387757e-05;0.00012087155671699149;5.107099523878247e-05;7.444565075438077e-05;8.65471109080606e-05;8.632666426288211e-05;8.193529657734343e-05;5.0747598371038496e-05;8.855698722270034e-05;0.00022624491429959083;9.454210323274992e-05;4.8500112094034785e-05;8.847585917230232e-05;5.169005406839099e-05;7.8214223114943e-05;9.943064511935999e-05;9.627347111917592e-05;5.4026372783333507e-05;
9.726333112993381e-05;0.0001128267674102333;0.00010985515004891918;8.361747023071803e-05;0.00012478667396243764;0.00014285861124440185;0.00010424780265251224;0.00010663163491558037;6.344087085084452e-05;9.358343293556949e-05;0.000130842013469431;8.925134697545588e-05;8.746759107717848e-05;9.830812001613074e-05;6.841533979998328e-05;0.00013238135729801444;5.501330143415999e-05;7.519346392569988e-05;9.43424191267522e-05;8.94521737367581e-05;7.566216925671157e-05;5.58848640343633e-05;8.888824758257011e-05;9.454210323274992e-05;0.00016363154349279004;6.2147971829733e-05;9.882909426478071e-05;5.446644901463874e-05;8.223054053038575e-05;0.00011247560439378817;0.00011162404445380851;6.164518275485605e-05;
5.904963151485056e-05;6.250792610997247e-05;6.527280438916348e-05;4.803136242191288e-05;6.189236198877185e-05;7.030682947127228e-05;6.508939631981103e-05;5.674924933839331e-05;4.6795221691218526e-05;6.0394937323191385e-05;7.226983210789159e-05;5.7035046389746874e-05;5.077661944012265e-05;5.8426581581829095e-05;4.882429582047711e-05;8.038105472924212e-05;4.167527399131865e-05;5.8189444358154644e-05;6.346050966237322e-05;5.197263023747682e-05;5.535315332608138e-05;4.371956198538327e-05;5.805045207834893e-05;4.8500112094034785e-05;6.2147971829733e-05;0.00010627743044031592;5.915992653236412e-05;4.437738717450492e-05;4.912848622858597e-05;6.51487789886325e-05;7.073548135507989e-05;7.401741600395037e-05;
9.12375060504758e-05;9.372828934441989e-05;0.00012055645764328086;8.631389208857304e-05;0.0001043837307931362;0.00010994783436805103;9.222760728313278e-05;9.574226017416935e-05;5.878288216398161e-05;8.405845884021253e-05;0.00012826300075714444;8.958475174149086e-05;7.858716297670998e-05;8.970677229013608e-05;6.882167244557554e-05;0.00012767780008409387;5.797719817781139e-05;7.695442615087557e-05;9.18083655655262e-05;9.726456770594938e-05;8.236774152131444e-05;5.503848485977546e-05;8.461541533617743e-05;8.847585917230232e-05;9.882909426478071e-05;5.915992653236412e-05;0.00022274464956877687;5.18232371509486e-05;7.539485108202373e-05;0.00010649300721193489;9.94390381295529e-05;5.92163078679436e-05;
5.139285368360347e-05;5.2497160371207114e-05;5.251601136884221e-05;4.086441741084988e-05;5.7738200892142875e-05;5.104112830885145e-05;4.658709392331323e-05;5.196849065841363e-05;4.0849764252343554e-05;4.427433658719501e-05;6.169364075135351e-05;6.11912400010535e-05;4.2410858010396106e-05;4.483723355497155e-05;4.346057031462355e-05;6.63698523098015e-05;3.8089337129829804e-05;4.68418754509168e-05;5.3106532302750275e-05;5.081413845384934e-05;4.555292599942652e-05;4.351504969064548e-05;5.2546727153134805e-05;5.169005406839099e-05;5.446644901463874e-05;4.437738717450492e-05;5.18232371509486e-05;0.00010900041318576352;5.0243633768500076e-05;5.8374995236009924e-05;5.374118104474745e-05;4.109606550706312e-05;
7.078375818765841e-05;7.544088034979035e-05;7.203015019981789e-05;6.960664933732299e-05;8.628526304768626e-05;8.261521319593319e-05;7.05965021211032e-05;6.706385952067934e-05;4.623408082025729e-05;6.292229242801535e-05;9.25157475224206e-05;7.307637501445164e-05;6.170053608834694e-05;6.694034940794711e-05;6.0023100313334954e-05;9.401112822403308e-05;4.857679518475146e-05;6.832968939504302e-05;7.524382091481639e-05;6.98123018049909e-05;7.122130522768196e-05;5.324350936017629e-05;6.950111268234045e-05;7.8214223114943e-05;8.223054053038575e-05;4.912848622858597e-05;7.539485108202373e-05;5.0243633768500076e-05;0.00027154471229834425;8.294712231633491e-05;7.750523275724051e-05;4.84268021352421e-05;
9.87082437955268e-05;0.00010492848052039127;0.00011016770009664596;8.379815222365275e-05;0.00011838469667484604;0.00012241911872416867;0.00010004747858366537;0.00010230511804313799;6.712678477160589e-05;9.361063066411877e-05;0.00013908809324183945;9.833916610798405e-05;7.98197551813934e-05;9.789302555682977e-05;6.859210740736674e-05;0.00014281084772512046;5.973461911718877e-05;8.1191247189121e-05;0.00010032227527125523;9.977608155790449e-05;8.511197968966664e-05;5.950954200054889e-05;9.791237852547044e-05;9.943064511935999e-05;0.00011247560439378817;6.51487789886325e-05;0.00010649300721193489;5.8374995236009924e-05;8.294712231633491e-05;0.00019832228040482923;0.00011086612654040396;6.759155671633319e-05;
9.845846926454772e-05;0.00011355812727394732;0.00011292793732304912;8.191297357268604e-05;0.00011533376327804479;0.00014195919199644672;0.00011605441599538846;0.00010557687398609063;6.533836669917404e-05;0.00010544236200598534;0.00014402943593917517;9.112507336144377e-05;9.005074454340094e-05;0.0001003350657324574;7.033871516555173e-05;0.0001526393741654245;6.333125459707538e-05;8.062029081553406e-05;9.549412010570384e-05;8.734020190961372e-05;8.832969397593126e-05;5.8680305681151257e-05;9.35489003959193e-05;9.627347111917592e-05;0.00011162404445380851;7.073548135507989e-05;9.94390381295529e-05;5.374118104474745e-05;7.750523275724051e-05;0.00011086612654040396;0.00018320569707543525;6.954061135349672e-05;
5.9145682449149984e-05;6.078641828143831e-05;6.363011656381772e-05;4.933140970376908e-05;6.016483437234093e-05;7.345253309990632e-05;6.491232215471132e-05;6.023340078490583e-05;4.640103157960018e-05;6.251376979772272e-05;7.714689438344877e-05;5.610655811613481e-05;5.615968351115778e-05;6.218216006008989e-05;4.619155682619639e-05;8.283433304744504e-05;3.979977452270427e-05;5.5555553083410775e-05;6.087358064616466e-05;5.2375242379100466e-05;5.194414701232622e-05;4.4150383518600804e-05;5.8260282957316873e-05;5.4026372783333507e-05;6.164518275485605e-05;7.401741600395037e-05;5.92163078679436e-05;4.109606550706312e-05;4.84268021352421e-05;6.759155671633319e-05;6.954061135349672e-05;9.637585465558903e-05;
