8.699176855734294e-05;9.190033019188674e-05;9.689748187905081e-05;7.710874671048711e-05;0.00010423150665851581;0.00011744645886844542;9.968806686779968e-05;9.465544085817856e-05;5.8767395974710095e-05;8.832280341459017e-05;0.0001255310862597278;8.152153652046587e-05;8.287714863271823e-05;9.042573915991328e-05;6.306588997060159e-05;0.00012765925303796175;5.707656902381253e-05;7.351658755699181e-05;9.166422822612332e-05;8.353270042935903e-05;7.200146824328118e-05;5.522649204889169e-05;8.382156595217652e-05;8.556439412965066e-05;9.761423649868007e-05;5.758588620013189e-05;9.417286667418425e-05;5.128162118672852e-05;7.244555627340974e-05;9.884808641979065e-05;9.880717674265083e-05;5.725416275020168e-05;
9.190033019188674e-05;0.00014012298132705627;0.0001006819959274959;7.764733770400634e-05;0.00010945691805666714;0.00012909221050298438;0.00010104207114980482;0.00010192379057323012;5.9974147920372205e-05;9.198551980077502e-05;0.0001318076427400619;8.284402242095915e-05;7.950338319462936e-05;9.657786290032135e-05;6.820080846058948e-05;0.00013481582264727925;5.768424364303221e-05;7.497463557110892e-05;9.062595945187057e-05;8.356135615860659e-05;7.443442988155917e-05;5.8280190711172106e-05;9.001914558281416e-05;8.276747000438532e-05;0.00011016573711285399;5.931048606837752e-05;9.350216321406932e-05;5.099507188746599e-05;7.335748181140406e-05;0.00010239440779651742;0.00011142295107374763;5.885553893173316e-05;
9.689748187905081e-05;0.0001006819959274959;0.0002134562971386636;8.161098225520506e-05;0.0001149371589261664;0.00012797583766397123;9.927354943926697e-05;9.768148033076788e-05;6.282108457960523e-05;8.487791847766497e-05;0.00015536847004010403;9.182573475364295e-05;7.856868564771197e-05;9.659446473332516e-05;6.732933131183816e-05;0.00015963856413457196;5.486260290913419e-05;7.98235351101142e-05;9.662863692051547e-05;9.869294340974892e-05;7.95150012021213e-05;5.5711932627673605e-05;9.490496827950757e-05;9.527511781179516e-05;0.00011107094037119315;6.40231831232402e-05;0.00012316905569203607;5.137053704069029e-05;7.677626392707678e-05;0.00011053490211831963;0.00011214036442594998;6.0764973342690175e-05;
7.710874671048711e-05;7.764733770400634e-05;8.161098225520506e-05;0.0002940988634263885;9.337979521240855e-05;0.00011397223761736807;8.389357563303847e-05;9.492697429437163e-05;4.62080023458484e-05;6.813050041048841e-05;0.00010764636771029875;7.686032900827325e-05;7.552230600659714e-05;9.237541676117373e-05;4.661747409271665e-05;0.00010562122605979329;5.4019928554376746e-05;5.5161543669572275e-05;9.690771504125788e-05;7.943666856208936e-05;5.73671126859799e-05;4.3065581956160536e-05;5.993129527301254e-05;8.18566267726886e-05;8.282311116989014e-05;4.540600897478645e-05;8.815993844241912e-05;4.0237003261915146e-05;7.326328169432354e-05;8.250221896917426e-05;8.248160808102063e-05;4.639778064793552e-05;
0.00010423150665851581;0.00010945691805666714;0.0001149371589261664;9.337979521240855e-05;0.00022557821465274538;0.0001392137414661843;0.00010636111569108538;0.00010109918949099631;6.671895288489568e-05;9.654039664788738e-05;0.00014400628843020598;9.343497953350612e-05;9.088439641723261e-05;0.00010398249597560753;7.036747284990318e-05;0.00014460300175113695;6.377681661226665e-05;8.294507708340288e-05;9.526968018200791e-05;0.0001032986514236865;7.563218604020381e-05;5.9124709198311925e-05;9.540459565388052e-05;9.773310641682061e-05;0.0001263560780999129;6.17664000970365e-05;0.00010763228813270902;5.613069063568705e-05;8.706839762795285e-05;0.00011782526462670699;0.00011710346186172452;5.941555115050825e-05;
0.00011744645886844542;0.00012909221050298438;0.00012797583766397123;0.00011397223761736807;0.0001392137414661843;0.00028624958628730584;0.0001522627334200911;0.00012918332150545618;6.461051338516468e-05;0.00013022378638311913;0.00017912500015314974;9.404599075719022e-05;0.00010475724822801139;0.0001248983210832537;7.02873765166639e-05;0.0001761199264114843;6.529939820945091e-05;8.430089675759023e-05;0.00012349686093279666;0.00010124011305799865;8.033858868374807e-05;5.9556061986101104e-05;0.00010318450609089286;0.00010103069613999962;0.00014301206353681067;6.893430310835096e-05;0.00010972875340521498;5.049034170674587e-05;8.41342349985237e-05;0.00012432134678159218;0.00014404268241183119;7.25580151324574e-05;
9.968806686779968e-05;0.00010104207114980482;9.927354943926697e-05;8.389357563303847e-05;0.00010636111569108538;0.0001522627334200911;0.00020467470896908555;0.00010776921145782592;6.582558199713464e-05;0.00014595517566144066;0.00013775072570333362;8.044953351033396e-05;8.969125108203718e-05;0.00010157797884293847;6.896715195345392e-05;0.00014410716269291703;5.888824850741481e-05;8.186097856907582e-05;9.96178316545946e-05;7.969492888878204e-05;7.926827967061382e-05;6.260107862024818e-05;9.107588888445845e-05;8.846224947521338e-05;0.00010508138896789936;6.594679207834182e-05;9.451836173534176e-05;4.93689920111813e-05;7.231197088651503e-05;0.00010301305199475269;0.00011741673606603095;6.53107578449119e-05;
9.465544085817856e-05;0.00010192379057323012;9.768148033076788e-05;9.492697429437163e-05;0.00010109918949099631;0.00012918332150545618;0.00010776921145782592;0.00025734979009685717;5.950048994521765e-05;9.64388617268104e-05;0.00013665405494067007;8.315103414027357e-05;9.684702448030327e-05;0.00012117163682555257;6.652424985556693e-05;0.00014258061819589569;6.119648346251979e-05;7.897760595940613e-05;0.00011633159739872276;8.912490199377523e-05;7.233502480690622e-05;5.510229865494359e-05;8.597617953932082e-05;8.853544182430921e-05;0.00010744303951843028;5.464829288480531e-05;0.00010044453368529794;5.161658090863954e-05;7.261117008587511e-05;0.0001060022996664856;0.00010728979872603549;6.023808064314226e-05;
5.8767395974710095e-05;5.9974147920372205e-05;6.282108457960523e-05;4.62080023458484e-05;6.671895288489568e-05;6.461051338516468e-05;6.582558199713464e-05;5.950048994521765e-05;9.525938700925341e-05;5.9121798363709234e-05;7.0863913014198e-05;5.5039671624186705e-05;5.33024081531954e-05;5.862194259985803e-05;4.7582552740211145e-05;7.607252986032747e-05;4.662240608110872e-05;5.2978212670186854e-05;5.9104117449276706e-05;5.643726502305195e-05;5.198651960150156e-05;5.1382345632671366e-05;6.32643584322036e-05;5.4575020351148994e-05;6.339718281014649e-05;4.777879177061412e-05;5.9457553592099553e-05;4.1881432443418545e-05;4.750779907926263e-05;6.750941178090868e-05;6.564702117595364e-05;4.662179806564605e-05;
8.832280341459017e-05;9.198551980077502e-05;8.487791847766497e-05;6.813050041048841e-05;9.654039664788738e-05;0.00013022378638311913;0.00014595517566144066;9.64388617268104e-05;5.9121798363709234e-05;0.00014846985173147897;0.00012383876256791807;7.469652161449752e-05;8.146473816008158e-05;9.056924690331017e-05;6.398327806237217e-05;0.00012824865268862062;5.324236043991761e-05;7.355810652767697e-05;8.490835901466219e-05;7.149800043731388e-05;7.139107256218785e-05;5.802393599914652e-05;8.193224810197683e-05;7.836802095198256e-05;9.251150207828166e-05;5.987922580183448e-05;8.306713729039828e-05;4.555260735214386e-05;6.150687900950321e-05;9.35806466982877e-05;0.00010394042099409215;6.142715128431569e-05;
0.0001255310862597278;0.0001318076427400619;0.00015536847004010403;0.00010764636771029875;0.00014400628843020598;0.00017912500015314974;0.00013775072570333362;0.00013665405494067007;7.0863913014198e-05;0.00012383876256791807;0.0003024016868324982;0.00010878989609921312;0.00010813435158942678;0.00012962110158024184;8.216926853084645e-05;0.0002553685334117761;6.833074345349877e-05;9.868524994711401e-05;0.00012801274265085546;0.00011420051846553596;9.651239842613541e-05;6.743758007331836e-05;0.00012558778859376226;0.00011862431486428462;0.00013741285909112542;7.306002967135043e-05;0.00013747600561291547;6.0070555326489755e-05;0.0001010502543419963;0.0001442728211442914;0.00015114596219465033;7.58966061473353e-05;
8.152153652046587e-05;8.284402242095915e-05;9.182573475364295e-05;7.686032900827325e-05;9.343497953350612e-05;9.404599075719022e-05;8.044953351033396e-05;8.315103414027357e-05;5.5039671624186705e-05;7.469652161449752e-05;0.00010878989609921312;0.00016287189653453124;6.696585636161421e-05;8.037830098816105e-05;5.859049004207319e-05;0.00011318941251486656;5.7603406804859625e-05;6.692937109520866e-05;8.455468028466208e-05;9.417149154459454e-05;6.952706192175986e-05;5.05647920631245e-05;7.745768529192226e-05;8.319772019197661e-05;8.795404536313163e-05;5.454790978662038e-05;9.366805984509741e-05;6.0048667364932995e-05;7.464036833805535e-05;9.755273148549569e-05;8.869610398769337e-05;5.267305928774308e-05;
8.287714863271823e-05;7.950338319462936e-05;7.856868564771197e-05;7.552230600659714e-05;9.088439641723261e-05;0.00010475724822801139;8.969125108203718e-05;9.684702448030327e-05;5.33024081531954e-05;8.146473816008158e-05;0.00010813435158942678;6.696585636161421e-05;0.00016387359337932225;9.395083676762456e-05;5.3686827463527453e-05;0.00010777108739646787;5.1923033763541256e-05;6.214826542906163e-05;9.282142214328223e-05;6.883770843041961e-05;5.7993063037891596e-05;4.660808380445395e-05;6.837905275492584e-05;7.401839689611636e-05;9.035151209191326e-05;5.099278350092956e-05;8.044203509719026e-05;4.1422467081094265e-05;6.278685531625816e-05;8.211709023821583e-05;9.181103450620934e-05;5.4448465931322913e-05;
9.042573915991328e-05;9.657786290032135e-05;9.659446473332516e-05;9.237541676117373e-05;0.00010398249597560753;0.0001248983210832537;0.00010157797884293847;0.00012117163682555257;5.862194259985803e-05;9.056924690331017e-05;0.00012962110158024184;8.037830098816105e-05;9.395083676762456e-05;0.0002217345663338612;6.053576400231535e-05;0.00012950095535910815;5.605668494548218e-05;7.497988169570344e-05;0.00012738153253335658;8.244501214231987e-05;7.293943000067075e-05;5.1702998928267775e-05;8.026658661086749e-05;8.028574627001819e-05;9.887211512225174e-05;5.791121206425349e-05;9.001491815992076e-05;4.392009367999148e-05;7.199325187517458e-05;0.00010056505310590089;0.0001037718566025296;6.121597799758907e-05;
6.306588997060159e-05;6.820080846058948e-05;6.732933131183816e-05;4.661747409271665e-05;7.036747284990318e-05;7.02873765166639e-05;6.896715195345392e-05;6.652424985556693e-05;4.7582552740211145e-05;6.398327806237217e-05;8.216926853084645e-05;5.859049004207319e-05;5.3686827463527453e-05;6.053576400231535e-05;8.264392662711407e-05;8.521467689557658e-05;4.5956837672655496e-05;6.622283768790512e-05;6.05775156707388e-05;5.780623434908624e-05;6.230277057661101e-05;4.76938211396113e-05;6.168324666220937e-05;6.628506631859446e-05;6.707219711759846e-05;4.659673287800322e-05;6.920709306895803e-05;4.2045922209193506e-05;5.826580408948914e-05;6.794178660391195e-05;6.872912919899284e-05;4.4903568403884954e-05;
0.00012765925303796175;0.00013481582264727925;0.00015963856413457196;0.00010562122605979329;0.00014460300175113695;0.0001761199264114843;0.00014410716269291703;0.00014258061819589569;7.607252986032747e-05;0.00012824865268862062;0.0002553685334117761;0.00011318941251486656;0.00010777108739646787;0.00012950095535910815;8.521467689557658e-05;0.00030671850415394763;7.255760109233489e-05;0.00010174822533897764;0.0001305659334793373;0.00011891812143837857;0.00010154856030232392;7.036326894898307e-05;0.0001330335195481883;0.00012479572604253873;0.0001365131497252993;7.864514314110505e-05;0.0001350428240835638;6.549881472113625e-05;9.952969323685182e-05;0.00014499388529713828;0.00015634024073754872;7.885966465235369e-05;
5.707656902381253e-05;5.768424364303221e-05;5.486260290913419e-05;5.4019928554376746e-05;6.377681661226665e-05;6.529939820945091e-05;5.888824850741481e-05;6.119648346251979e-05;4.662240608110872e-05;5.324236043991761e-05;6.833074345349877e-05;5.7603406804859625e-05;5.1923033763541256e-05;5.605668494548218e-05;4.5956837672655496e-05;7.255760109233489e-05;9.431508007319317e-05;5.1502272637074696e-05;6.374710936676918e-05;6.697949406231238e-05;4.7362353937563636e-05;4.049146964106234e-05;5.6247146285985074e-05;5.352221585081787e-05;5.520867639534663e-05;3.996254700882918e-05;6.174509310653755e-05;3.853386838110265e-05;5.0710560326739984e-05;5.9336205453149206e-05;6.354294110422148e-05;3.866037233485718e-05;
7.351658755699181e-05;7.497463557110892e-05;7.98235351101142e-05;5.5161543669572275e-05;8.294507708340288e-05;8.430089675759023e-05;8.186097856907582e-05;7.897760595940613e-05;5.2978212670186854e-05;7.355810652767697e-05;9.868524994711401e-05;6.692937109520866e-05;6.214826542906163e-05;7.497988169570344e-05;6.622283768790512e-05;0.00010174822533897764;5.1502272637074696e-05;0.00014746381659183665;7.231743914699566e-05;6.59002611367196e-05;8.604666824362051e-05;5.354180575616379e-05;7.122449856624586e-05;7.504430028532148e-05;7.500687196550556e-05;5.601508295328078e-05;7.962916622288044e-05;4.7153666777238404e-05;6.936320910175859e-05;7.957951283870949e-05;7.93604862033087e-05;5.3287020933520766e-05;
9.166422822612332e-05;9.062595945187057e-05;9.662863692051547e-05;9.690771504125788e-05;9.526968018200791e-05;0.00012349686093279666;9.96178316545946e-05;0.00011633159739872276;5.9104117449276706e-05;8.490835901466219e-05;0.00012801274265085546;8.455468028466208e-05;9.282142214328223e-05;0.00012738153253335658;6.05775156707388e-05;0.0001305659334793373;6.374710936676918e-05;7.231743914699566e-05;0.00023550066103161964;8.92624469082392e-05;7.057521338442938e-05;5.7809928855636905e-05;8.269966051552132e-05;8.90175541022507e-05;9.585313739940206e-05;6.130388712455421e-05;9.910043444501186e-05;5.2577666616999334e-05;8.085203079386277e-05;0.00010075355221579057;9.799259969084479e-05;5.862832777036993e-05;
8.353270042935903e-05;8.356135615860659e-05;9.869294340974892e-05;7.943666856208936e-05;0.0001032986514236865;0.00010124011305799865;7.969492888878204e-05;8.912490199377523e-05;5.643726502305195e-05;7.149800043731388e-05;0.00011420051846553596;9.417149154459454e-05;6.883770843041961e-05;8.244501214231987e-05;5.780623434908624e-05;0.00011891812143837857;6.697949406231238e-05;6.59002611367196e-05;8.92624469082392e-05;0.00022521538831983513;6.707954547191659e-05;4.8777217100010926e-05;7.652959950905767e-05;8.905850976033606e-05;8.991736583601526e-05;4.996567242125735e-05;0.00010297222655444746;5.2349876150935836e-05;7.168039326325886e-05;9.982529946455153e-05;8.984078305779529e-05;5.0655898591817426e-05;
7.200146824328118e-05;7.443442988155917e-05;7.95150012021213e-05;5.73671126859799e-05;7.563218604020381e-05;8.033858868374807e-05;7.926827967061382e-05;7.233502480690622e-05;5.198651960150156e-05;7.139107256218785e-05;9.651239842613541e-05;6.952706192175986e-05;5.7993063037891596e-05;7.293943000067075e-05;6.230277057661101e-05;0.00010154856030232392;4.7362353937563636e-05;8.604666824362051e-05;7.057521338442938e-05;6.707954547191659e-05;0.0001324087370247493;5.092357831701513e-05;7.324255018078171e-05;8.195634380986308e-05;7.471453224375209e-05;5.0931876849004806e-05;8.453130756220718e-05;4.562847429072938e-05;7.09324594535184e-05;8.216061838631909e-05;8.462268496269432e-05;4.961033770741669e-05;
5.522649204889169e-05;5.8280190711172106e-05;5.5711932627673605e-05;4.3065581956160536e-05;5.9124709198311925e-05;5.9556061986101104e-05;6.260107862024818e-05;5.510229865494359e-05;5.1382345632671366e-05;5.802393599914652e-05;6.743758007331836e-05;5.05647920631245e-05;4.660808380445395e-05;5.1702998928267775e-05;4.76938211396113e-05;7.036326894898307e-05;4.049146964106234e-05;5.354180575616379e-05;5.7809928855636905e-05;4.8777217100010926e-05;5.092357831701513e-05;8.621120924288682e-05;5.733534947798966e-05;5.224406098920207e-05;5.763125676415551e-05;4.437215793552351e-05;5.6587758245611635e-05;4.4316872054736596e-05;5.347415612604446e-05;6.064065823783227e-05;6.088653515573659e-05;4.356550098415134e-05;
8.382156595217652e-05;9.001914558281416e-05;9.490496827950757e-05;5.993129527301254e-05;9.540459565388052e-05;0.00010318450609089286;9.107588888445845e-05;8.597617953932082e-05;6.32643584322036e-05;8.193224810197683e-05;0.00012558778859376226;7.745768529192226e-05;6.837905275492584e-05;8.026658661086749e-05;6.168324666220937e-05;0.0001330335195481883;5.6247146285985074e-05;7.122449856624586e-05;8.269966051552132e-05;7.652959950905767e-05;7.324255018078171e-05;5.733534947798966e-05;0.00013893890516057124;8.683211784848164e-05;8.945469186011705e-05;5.941647260237215e-05;8.807649763993485e-05;5.1169769231075604e-05;7.223275298250821e-05;9.754263411978615e-05;9.60620740527497e-05;5.798151864617435e-05;
8.556439412965066e-05;8.276747000438532e-05;9.527511781179516e-05;8.18566267726886e-05;9.773310641682061e-05;0.00010103069613999962;8.846224947521338e-05;8.853544182430921e-05;5.4575020351148994e-05;7.836802095198256e-05;0.00011862431486428462;8.319772019197661e-05;7.401839689611636e-05;8.028574627001819e-05;6.628506631859446e-05;0.00012479572604253873;5.352221585081787e-05;7.504430028532148e-05;8.90175541022507e-05;8.905850976033606e-05;8.195634380986308e-05;5.224406098920207e-05;8.683211784848164e-05;0.0002154313235802213;9.2898709779743e-05;4.660342505487398e-05;9.270235042570773e-05;5.0829823626142423e-05;8.013393466878002e-05;9.771360017349404e-05;9.636160972358173e-05;4.930882370129942e-05;
9.761423649868007e-05;0.00011016573711285399;0.00011107094037119315;8.282311116989014e-05;0.0001263560780999129;0.00014301206353681067;0.00010508138896789936;0.00010744303951843028;6.339718281014649e-05;9.251150207828166e-05;0.00013741285909112542;8.795404536313163e-05;9.035151209191326e-05;9.887211512225174e-05;6.707219711759846e-05;0.0001365131497252993;5.520867639534663e-05;7.500687196550556e-05;9.585313739940206e-05;8.991736583601526e-05;7.471453224375209e-05;5.763125676415551e-05;8.945469186011705e-05;9.2898709779743e-05;0.00016568430635553115;6.070112445350633e-05;0.00010005819939279429;5.420582014922612e-05;8.262129480725148e-05;0.00011091743741483293;0.00011154953154270968;6.0420902416649274e-05;
5.758588620013189e-05;5.931048606837752e-05;6.40231831232402e-05;4.540600897478645e-05;6.17664000970365e-05;6.893430310835096e-05;6.594679207834182e-05;5.464829288480531e-05;4.777879177061412e-05;5.987922580183448e-05;7.306002967135043e-05;5.454790978662038e-05;5.099278350092956e-05;5.791121206425349e-05;4.659673287800322e-05;7.864514314110505e-05;3.996254700882918e-05;5.601508295328078e-05;6.130388712455421e-05;4.996567242125735e-05;5.0931876849004806e-05;4.437215793552351e-05;5.941647260237215e-05;4.660342505487398e-05;6.070112445350633e-05;0.00010395821284746942;5.903862832127298e-05;4.288344020002192e-05;4.820453954706507e-05;6.250000474023037e-05;6.624449757279652e-05;7.335712476321747e-05;
9.417286667418425e-05;9.350216321406932e-05;0.00012316905569203607;8.815993844241912e-05;0.00010763228813270902;0.00010972875340521498;9.451836173534176e-05;0.00010044453368529794;5.9457553592099553e-05;8.306713729039828e-05;0.00013747600561291547;9.366805984509741e-05;8.044203509719026e-05;9.001491815992076e-05;6.920709306895803e-05;0.0001350428240835638;6.174509310653755e-05;7.962916622288044e-05;9.910043444501186e-05;0.00010297222655444746;8.453130756220718e-05;5.6587758245611635e-05;8.807649763993485e-05;9.270235042570773e-05;0.00010005819939279429;5.903862832127298e-05;0.00022769271102104723;5.269177750699226e-05;8.264322324321608e-05;0.00010716917791799252;0.00010126076704442688;5.6469134451397936e-05;
5.128162118672852e-05;5.099507188746599e-05;5.137053704069029e-05;4.0237003261915146e-05;5.613069063568705e-05;5.049034170674587e-05;4.93689920111813e-05;5.161658090863954e-05;4.1881432443418545e-05;4.555260735214386e-05;6.0070555326489755e-05;6.0048667364932995e-05;4.1422467081094265e-05;4.392009367999148e-05;4.2045922209193506e-05;6.549881472113625e-05;3.853386838110265e-05;4.7153666777238404e-05;5.2577666616999334e-05;5.2349876150935836e-05;4.562847429072938e-05;4.4316872054736596e-05;5.1169769231075604e-05;5.0829823626142423e-05;5.420582014922612e-05;4.288344020002192e-05;5.269177750699226e-05;0.00011818863094358088;5.109354731634476e-05;5.847952846199726e-05;5.22405224768394e-05;4.094243819422106e-05;
7.244555627340974e-05;7.335748181140406e-05;7.677626392707678e-05;7.326328169432354e-05;8.706839762795285e-05;8.41342349985237e-05;7.231197088651503e-05;7.261117008587511e-05;4.750779907926263e-05;6.150687900950321e-05;0.0001010502543419963;7.464036833805535e-05;6.278685531625816e-05;7.199325187517458e-05;5.826580408948914e-05;9.952969323685182e-05;5.0710560326739984e-05;6.936320910175859e-05;8.085203079386277e-05;7.168039326325886e-05;7.09324594535184e-05;5.347415612604446e-05;7.223275298250821e-05;8.013393466878002e-05;8.262129480725148e-05;4.820453954706507e-05;8.264322324321608e-05;5.109354731634476e-05;0.0002733687968065573;8.413870380845338e-05;7.748369157674806e-05;4.477855169534792e-05;
9.884808641979065e-05;0.00010239440779651742;0.00011053490211831963;8.250221896917426e-05;0.00011782526462670699;0.00012432134678159218;0.00010301305199475269;0.0001060022996664856;6.750941178090868e-05;9.35806466982877e-05;0.0001442728211442914;9.755273148549569e-05;8.211709023821583e-05;0.00010056505310590089;6.794178660391195e-05;0.00014499388529713828;5.9336205453149206e-05;7.957951283870949e-05;0.00010075355221579057;9.982529946455153e-05;8.216061838631909e-05;6.064065823783227e-05;9.754263411978615e-05;9.771360017349404e-05;0.00011091743741483293;6.250000474023037e-05;0.00010716917791799252;5.847952846199726e-05;8.413870380845338e-05;0.00019617970207763888;0.00010847900443757154;6.50841004652532e-05;
9.880717674265083e-05;0.00011142295107374763;0.00011214036442594998;8.248160808102063e-05;0.00011710346186172452;0.00014404268241183119;0.00011741673606603095;0.00010728979872603549;6.564702117595364e-05;0.00010394042099409215;0.00015114596219465033;8.869610398769337e-05;9.181103450620934e-05;0.0001037718566025296;6.872912919899284e-05;0.00015634024073754872;6.354294110422148e-05;7.93604862033087e-05;9.799259969084479e-05;8.984078305779529e-05;8.462268496269432e-05;6.088653515573659e-05;9.60620740527497e-05;9.636160972358173e-05;0.00011154953154270968;6.624449757279652e-05;0.00010126076704442688;5.22405224768394e-05;7.748369157674806e-05;0.00010847900443757154;0.00017769242664676473;6.655445982336396e-05;
5.725416275020168e-05;5.885553893173316e-05;6.0764973342690175e-05;4.639778064793552e-05;5.941555115050825e-05;7.25580151324574e-05;6.53107578449119e-05;6.023808064314226e-05;4.662179806564605e-05;6.142715128431569e-05;7.58966061473353e-05;5.267305928774308e-05;5.4448465931322913e-05;6.121597799758907e-05;4.4903568403884954e-05;7.885966465235369e-05;3.866037233485718e-05;5.3287020933520766e-05;5.862832777036993e-05;5.0655898591817426e-05;4.961033770741669e-05;4.356550098415134e-05;5.798151864617435e-05;4.930882370129942e-05;6.0420902416649274e-05;7.335712476321747e-05;5.6469134451397936e-05;4.094243819422106e-05;4.477855169534792e-05;6.50841004652532e-05;6.655445982336396e-05;9.364712930002845e-05;
