8.123779177229243e-05;8.890465408908055e-05;9.365440037964382e-05;6.99929453512928e-05;9.509821375513157e-05;0.00011138526329704204;9.135999492705928e-05;8.637168310374386e-05;5.5505324257682775e-05;8.395309800503959e-05;0.00011159010374119475;7.805323109432521e-05;7.683338846571756e-05;8.079947388857448e-05;5.960287834676481e-05;0.0001163259877885062;5.3156557992592796e-05;6.855004343791345e-05;8.3692018090834e-05;7.793261925353674e-05;7.035977443663386e-05;5.048648846370809e-05;7.756657195718578e-05;8.181479453546368e-05;9.415640861231886e-05;5.550997874162958e-05;8.523955992756712e-05;4.9136799314185795e-05;6.680978876916837e-05;9.335713041472803e-05;9.495183506744201e-05;5.6115727980971e-05;
8.890465408908055e-05;0.00013604208583759206;0.00010163703217975603;7.36167814903014e-05;0.00010526233531305004;0.0001267598128801517;9.525252675268191e-05;9.708048747902087e-05;5.8102971115532756e-05;8.941221657714252e-05;0.0001228899908154886;8.203793466479298e-05;7.567205030979313e-05;9.178972955374126e-05;6.621202151265259e-05;0.0001276515286777031;5.555019361592774e-05;7.353173557819875e-05;8.601015026706222e-05;8.281902363916386e-05;7.436355304585399e-05;5.3928703717292124e-05;8.68659735688972e-05;8.233405407995052e-05;0.00010984929756490849;5.817205085105736e-05;8.990287589918488e-05;4.9307168465725433e-05;7.170268758413211e-05;0.00010209496690197572;0.00010948280433384853;5.7491539998259e-05;
9.365440037964382e-05;0.00010163703217975603;0.00019659236234464218;8.294681813178907e-05;0.00010904421924650516;0.00012458387806488818;9.591302258784007e-05;9.136325422394548e-05;6.284098578416585e-05;8.676071148977064e-05;0.00014756889612625607;9.200058381326324e-05;7.101451237579936e-05;8.93864579813982e-05;6.689183276768759e-05;0.00015441138949428778;5.3647658989531004e-05;7.552206284453384e-05;9.41429913695889e-05;9.525263628636382e-05;7.992821516283313e-05;5.4411240393456624e-05;8.942558128714593e-05;9.31778040134857e-05;0.00010893102061021642;6.623208111152379e-05;0.00012260910995143864;5.388460650378947e-05;7.172579310539974e-05;0.00011007647283927765;0.0001109724690423536;6.429189752875626e-05;
6.99929453512928e-05;7.36167814903014e-05;8.294681813178907e-05;0.0002795030564765652;8.349803492760656e-05;0.00010618673789538991;7.462807794514085e-05;8.707563704090295e-05;4.293876182481933e-05;6.451847122502915e-05;9.359860310432117e-05;7.156760744941657e-05;7.165306345266631e-05;8.152798975552916e-05;4.33581567534049e-05;9.421482146506191e-05;4.919059672895578e-05;4.793130730047532e-05;8.372841792774618e-05;7.308901907709832e-05;5.5370227168399285e-05;3.839385222318425e-05;5.3739632011313715e-05;7.588743256791598e-05;7.934723456977833e-05;4.540016403766915e-05;7.817457564824134e-05;3.87019378613256e-05;6.356808932982746e-05;7.665667088253737e-05;7.773408302261921e-05;4.521726935027141e-05;
9.509821375513157e-05;0.00010526233531305004;0.00010904421924650516;8.349803492760656e-05;0.00020198929696463566;0.00012635293032389684;9.291932730912186e-05;9.479854884129729e-05;6.1522167173194e-05;8.779770778785984e-05;0.00012352413179941995;8.908497116626164e-05;8.01536733825994e-05;9.207573604426909e-05;6.640247050938337e-05;0.0001284735801033762;5.9461799457752086e-05;7.473742749233698e-05;8.754979055304952e-05;9.1860759750597e-05;7.372264153524945e-05;5.129629701563097e-05;8.71329399939081e-05;9.18554752909328e-05;0.00012114725022435057;5.7523119686301354e-05;9.643843719720078e-05;5.5272119716316804e-05;8.203898223301422e-05;0.00011079429104759303;0.0001088918149002471;5.6506746238958164e-05;
0.00011138526329704204;0.0001267598128801517;0.00012458387806488818;0.00010618673789538991;0.00012635293032389684;0.00027113479823274094;0.0001387452052319672;0.00011703749667518032;6.145184001097336e-05;0.00012214205065474746;0.00015763889502549023;9.468182999060018e-05;9.397587315713212e-05;0.00011394650265423086;6.829255980174367e-05;0.00016031129142542153;6.453590859363965e-05;8.044658986903264e-05;0.00011522421791909737;9.989226031570067e-05;8.264447690896188e-05;5.281445927503868e-05;9.839212716584009e-05;0.0001011348507322825;0.00013949118152850902;6.647547896464217e-05;0.00010519718034249544;4.931925493086033e-05;7.866607365206183e-05;0.00011847147569070675;0.00013820212616270176;7.021329371722171e-05;
9.135999492705928e-05;9.525252675268191e-05;9.591302258784007e-05;7.462807794514085e-05;9.291932730912186e-05;0.0001387452052319672;0.00017932142179558964;9.312843723716799e-05;6.14855457770194e-05;0.00013322735061414034;0.00012061262022415057;7.905664990184295e-05;7.890886736718897e-05;8.620690374527028e-05;6.227934881379143e-05;0.00012709854071834658;5.372992811418066e-05;7.556488513600703e-05;8.906155717343613e-05;7.702752801346137e-05;7.89764763913825e-05;5.6000326876317733e-05;8.299802896518854e-05;8.677943863217492e-05;9.99030175350189e-05;5.9912343922311344e-05;8.492727596721399e-05;4.4812459240519735e-05;6.678587368747266e-05;9.398024779821895e-05;0.00011105285082256699;6.080344174754569e-05;
8.637168310374386e-05;9.708048747902087e-05;9.136325422394548e-05;8.707563704090295e-05;9.479854884129729e-05;0.00011703749667518032;9.312843723716799e-05;0.00026496088010257877;5.338404972271338e-05;8.698850255524181e-05;0.00012662606294289907;7.662900699279643e-05;8.593821164146351e-05;0.0001055478722212888;5.8831347720417096e-05;0.00012858455975394006;5.501659123379747e-05;7.137770477928244e-05;0.00010678366859694771;8.419368759412412e-05;6.889575357950949e-05;4.914840242340919e-05;7.866997126067765e-05;8.247370729951096e-05;0.0001016576908559367;5.1852660040528944e-05;8.789810015118793e-05;4.7710356266226415e-05;6.09167163644891e-05;9.469242987316603e-05;0.00010121955622056244;5.572166757558674e-05;
5.5505324257682775e-05;5.8102971115532756e-05;6.284098578416585e-05;4.293876182481933e-05;6.1522167173194e-05;6.145184001097336e-05;6.14855457770194e-05;5.338404972271338e-05;9.134974554562834e-05;5.65499369352959e-05;6.409638511910602e-05;5.329152547861946e-05;5.1298495531818164e-05;5.4129451415363704e-05;4.459678136326162e-05;7.007848821484746e-05;4.405054369286413e-05;5.022108090752313e-05;5.417334293159889e-05;5.4617496922690654e-05;5.0918675808249574e-05;4.6524186941633686e-05;5.7616032499951446e-05;5.310646093601259e-05;6.192532919230799e-05;4.39311978099327e-05;5.341135567866711e-05;3.9657640386828143e-05;4.4388152790742267e-05;6.328504578499219e-05;6.342384579459601e-05;4.3822581901451986e-05;
8.395309800503959e-05;8.941221657714252e-05;8.676071148977064e-05;6.451847122502915e-05;8.779770778785984e-05;0.00012214205065474746;0.00013322735061414034;8.698850255524181e-05;5.65499369352959e-05;0.00013875099128949137;0.00011261835470344089;7.522341533679578e-05;7.434418273140262e-05;8.245251695950412e-05;5.99705728099608e-05;0.00011767731841411827;5.129271628715636e-05;6.995959733205425e-05;8.228534317390766e-05;7.199151428757548e-05;7.329935959617905e-05;5.3360943690768627e-05;7.718121942280084e-05;8.137641907081406e-05;9.051466699111376e-05;5.601756995912542e-05;7.859111861788353e-05;4.242807490036743e-05;5.9586749360130434e-05;8.817914754084304e-05;0.000101658274713986;5.906035455925288e-05;
0.00011159010374119475;0.0001228899908154886;0.00014756889612625607;9.359860310432117e-05;0.00012352413179941995;0.00015763889502549023;0.00012061262022415057;0.00012662606294289907;6.409638511910602e-05;0.00011261835470344089;0.0002779358202065502;0.00010144181328372358;9.455294105825632e-05;0.00010754077971665106;7.43800168419027e-05;0.00023374948724417215;6.0382094611049374e-05;8.643072286729533e-05;0.00011360479665589944;0.00010153260393997621;9.083887558153982e-05;5.896784410465843e-05;0.00011159228390749355;0.00010691878584849647;0.0001248728360439081;6.78055014631928e-05;0.0001237860154936904;5.9133078919824354e-05;8.623560765005814e-05;0.0001307082097837755;0.0001410225485798588;7.283140238155011e-05;
7.805323109432521e-05;8.203793466479298e-05;9.200058381326324e-05;7.156760744941657e-05;8.908497116626164e-05;9.468182999060018e-05;7.905664990184295e-05;7.662900699279643e-05;5.329152547861946e-05;7.522341533679578e-05;0.00010144181328372358;0.00016026761569498053;6.490615827208441e-05;7.586824599408956e-05;5.693626384691567e-05;0.00010758252335295314;5.273359340090635e-05;6.260034754549491e-05;7.935648235792134e-05;8.70455589072906e-05;6.900097881775712e-05;4.862910531054214e-05;7.350478632956082e-05;8.262902314837366e-05;8.711519224737089e-05;5.323617242345783e-05;8.407328059020222e-05;5.848549063450444e-05;7.002075521319859e-05;9.286792392130522e-05;8.923761327602018e-05;5.336746350950656e-05;
7.683338846571756e-05;7.567205030979313e-05;7.101451237579936e-05;7.165306345266631e-05;8.01536733825994e-05;9.397587315713212e-05;7.890886736718897e-05;8.593821164146351e-05;5.1298495531818164e-05;7.434418273140262e-05;9.455294105825632e-05;6.490615827208441e-05;0.00014836838542448664;8.309129275853129e-05;5.0447114174806694e-05;9.652661218762555e-05;5.073413896401685e-05;5.8725782960105385e-05;8.499403727973402e-05;6.600046253102793e-05;5.759335212621753e-05;4.305245641085845e-05;6.35006098794865e-05;7.560779858551347e-05;8.530427696657257e-05;4.790362525513078e-05;7.346759874542475e-05;3.929844399006994e-05;5.8346282722422005e-05;7.514489629131657e-05;8.642048262051689e-05;5.358640122898269e-05;
8.079947388857448e-05;9.178972955374126e-05;8.93864579813982e-05;8.152798975552916e-05;9.207573604426909e-05;0.00011394650265423086;8.620690374527028e-05;0.0001055478722212888;5.4129451415363704e-05;8.245251695950412e-05;0.00010754077971665106;7.586824599408956e-05;8.309129275853129e-05;0.0002105135268537328;5.390663973771575e-05;0.00011217843676501343;4.922512721561051e-05;6.758652277605998e-05;0.00011334987857968382;7.721076302725584e-05;6.796965573097296e-05;4.534354404582058e-05;7.102533726976532e-05;7.15518150774559e-05;9.187796006601034e-05;5.360391120127268e-05;8.075369632742486e-05;4.1978267834652647e-05;6.038961976228995e-05;8.773670358975413e-05;9.456818392908329e-05;5.7573023801375366e-05;
5.960287834676481e-05;6.621202151265259e-05;6.689183276768759e-05;4.33581567534049e-05;6.640247050938337e-05;6.829255980174367e-05;6.227934881379143e-05;5.8831347720417096e-05;4.459678136326162e-05;5.99705728099608e-05;7.43800168419027e-05;5.693626384691567e-05;5.0447114174806694e-05;5.390663973771575e-05;7.988228746685513e-05;7.846294307791129e-05;4.242757918522081e-05;6.321761724417511e-05;5.5487456918044774e-05;5.40937340995379e-05;6.149480467441203e-05;4.442752763897212e-05;5.6694137380076895e-05;6.33730200365228e-05;6.590470462671885e-05;4.5668794032339985e-05;6.42709356902079e-05;4.118382624906669e-05;5.624499054400929e-05;6.419109525427864e-05;6.715149573814894e-05;4.3748555223056606e-05;
0.0001163259877885062;0.0001276515286777031;0.00015441138949428778;9.421482146506191e-05;0.0001284735801033762;0.00016031129142542153;0.00012709854071834658;0.00012858455975394006;7.007848821484746e-05;0.00011767731841411827;0.00023374948724417215;0.00010758252335295314;9.652661218762555e-05;0.00011217843676501343;7.846294307791129e-05;0.00028897068877453854;6.360337268198451e-05;9.200071362332501e-05;0.00011763855183657227;0.00010799798377120774;9.771795980547151e-05;6.230656819373369e-05;0.00012067042546675977;0.00011688539112793706;0.0001277410625596753;7.648739193856156e-05;0.00012345583152028564;6.322827867335133e-05;9.009866126898887e-05;0.00013685133993649297;0.0001496929714881878;7.875791507556985e-05;
5.3156557992592796e-05;5.555019361592774e-05;5.3647658989531004e-05;4.919059672895578e-05;5.9461799457752086e-05;6.453590859363965e-05;5.372992811418066e-05;5.501659123379747e-05;4.405054369286413e-05;5.129271628715636e-05;6.0382094611049374e-05;5.273359340090635e-05;5.073413896401685e-05;4.922512721561051e-05;4.242757918522081e-05;6.360337268198451e-05;9.006680377970458e-05;4.9556950830275115e-05;5.668371969694831e-05;6.257108665306223e-05;4.579199786117249e-05;3.693198288153733e-05;5.079438018522332e-05;4.864413257069949e-05;5.339864278322111e-05;3.7426536346781336e-05;5.4563976913127554e-05;3.613143154291562e-05;4.639738320788658e-05;5.6489073948132307e-05;6.013978329946665e-05;3.702475649407121e-05;
6.855004343791345e-05;7.353173557819875e-05;7.552206284453384e-05;4.793130730047532e-05;7.473742749233698e-05;8.044658986903264e-05;7.556488513600703e-05;7.137770477928244e-05;5.022108090752313e-05;6.995959733205425e-05;8.643072286729533e-05;6.260034754549491e-05;5.8725782960105385e-05;6.758652277605998e-05;6.321761724417511e-05;9.200071362332501e-05;4.9556950830275115e-05;0.00014364319136983198;6.644159168546418e-05;6.0452531231892273e-05;8.153821362003256e-05;4.972359336925361e-05;6.540757857912572e-05;6.860972581447651e-05;7.228789008135628e-05;5.45329014934216e-05;7.106707288677725e-05;4.3697725711122345e-05;6.38003955959138e-05;7.59001971266493e-05;7.739836836464645e-05;5.2213204266404555e-05;
8.3692018090834e-05;8.601015026706222e-05;9.41429913695889e-05;8.372841792774618e-05;8.754979055304952e-05;0.00011522421791909737;8.906155717343613e-05;0.00010678366859694771;5.417334293159889e-05;8.228534317390766e-05;0.00011360479665589944;7.935648235792134e-05;8.499403727973402e-05;0.00011334987857968382;5.5487456918044774e-05;0.00011763855183657227;5.668371969694831e-05;6.644159168546418e-05;0.00021692612577683056;7.94833210940802e-05;6.680513458581232e-05;5.174999404658508e-05;7.339977187239137e-05;8.102863648574064e-05;9.074933585185976e-05;5.863155686716938e-05;8.382042212043655e-05;5.031887865895609e-05;7.07547503168117e-05;9.308804453047959e-05;9.177068659285346e-05;5.723937463092592e-05;
7.793261925353674e-05;8.281902363916386e-05;9.525263628636382e-05;7.308901907709832e-05;9.1860759750597e-05;9.989226031570067e-05;7.702752801346137e-05;8.419368759412412e-05;5.4617496922690654e-05;7.199151428757548e-05;0.00010153260393997621;8.70455589072906e-05;6.600046253102793e-05;7.721076302725584e-05;5.40937340995379e-05;0.00010799798377120774;6.257108665306223e-05;6.0452531231892273e-05;7.94833210940802e-05;0.00022308727471578727;6.107487275356258e-05;4.472951563702598e-05;7.253182827781431e-05;8.223589641730616e-05;8.69835419429779e-05;4.82901568821556e-05;9.246162090611929e-05;4.950762056694162e-05;6.430442349355789e-05;9.378587713502017e-05;8.399783577037159e-05;4.9265197396776764e-05;
7.035977443663386e-05;7.436355304585399e-05;7.992821516283313e-05;5.5370227168399285e-05;7.372264153524945e-05;8.264447690896188e-05;7.89764763913825e-05;6.889575357950949e-05;5.0918675808249574e-05;7.329935959617905e-05;9.083887558153982e-05;6.900097881775712e-05;5.759335212621753e-05;6.796965573097296e-05;6.149480467441203e-05;9.771795980547151e-05;4.579199786117249e-05;8.153821362003256e-05;6.680513458581232e-05;6.107487275356258e-05;0.0001320889779226112;4.884584066391534e-05;6.973010025168561e-05;7.988849898674521e-05;7.376884436478839e-05;5.3332461931537336e-05;7.859100087621538e-05;4.392489822217871e-05;6.86948161446371e-05;8.268636530477618e-05;8.728727402191712e-05;5.015131762655036e-05;
5.048648846370809e-05;5.3928703717292124e-05;5.4411240393456624e-05;3.839385222318425e-05;5.129629701563097e-05;5.281445927503868e-05;5.6000326876317733e-05;4.914840242340919e-05;4.6524186941633686e-05;5.3360943690768627e-05;5.896784410465843e-05;4.862910531054214e-05;4.305245641085845e-05;4.534354404582058e-05;4.442752763897212e-05;6.230656819373369e-05;3.693198288153733e-05;4.972359336925361e-05;5.174999404658508e-05;4.472951563702598e-05;4.884584066391534e-05;8.195178940422671e-05;5.1440113869937055e-05;4.738049420298055e-05;5.330328759377683e-05;4.069516166715294e-05;4.908863911925953e-05;4.111125683440998e-05;5.0814472230048995e-05;5.544191783082321e-05;5.643431185877743e-05;4.159992931413504e-05;
7.756657195718578e-05;8.68659735688972e-05;8.942558128714593e-05;5.3739632011313715e-05;8.71329399939081e-05;9.839212716584009e-05;8.299802896518854e-05;7.866997126067765e-05;5.7616032499951446e-05;7.718121942280084e-05;0.00011159228390749355;7.350478632956082e-05;6.35006098794865e-05;7.102533726976532e-05;5.6694137380076895e-05;0.00012067042546675977;5.079438018522332e-05;6.540757857912572e-05;7.339977187239137e-05;7.253182827781431e-05;6.973010025168561e-05;5.1440113869937055e-05;0.00013115016653564965;8.387942952653377e-05;8.583668880802113e-05;5.492734091121838e-05;7.878028654910479e-05;5.074886581156292e-05;6.536198393510108e-05;9.263862126240346e-05;9.048647128367823e-05;5.506455857720313e-05;
8.181479453546368e-05;8.233405407995052e-05;9.31778040134857e-05;7.588743256791598e-05;9.18554752909328e-05;0.0001011348507322825;8.677943863217492e-05;8.247370729951096e-05;5.310646093601259e-05;8.137641907081406e-05;0.00010691878584849647;8.262902314837366e-05;7.560779858551347e-05;7.15518150774559e-05;6.33730200365228e-05;0.00011688539112793706;4.864413257069949e-05;6.860972581447651e-05;8.102863648574064e-05;8.223589641730616e-05;7.988849898674521e-05;4.738049420298055e-05;8.387942952653377e-05;0.00022311979980923442;9.232212404340292e-05;4.57023820544442e-05;8.313850632315467e-05;5.120862863321834e-05;7.649935844135707e-05;9.542328577813062e-05;9.415097615680656e-05;5.17026620575109e-05;
9.415640861231886e-05;0.00010984929756490849;0.00010893102061021642;7.934723456977833e-05;0.00012114725022435057;0.00013949118152850902;9.99030175350189e-05;0.0001016576908559367;6.192532919230799e-05;9.051466699111376e-05;0.0001248728360439081;8.711519224737089e-05;8.530427696657257e-05;9.187796006601034e-05;6.590470462671885e-05;0.0001277410625596753;5.339864278322111e-05;7.228789008135628e-05;9.074933585185976e-05;8.69835419429779e-05;7.376884436478839e-05;5.330328759377683e-05;8.583668880802113e-05;9.232212404340292e-05;0.00016095602627521326;5.927992167088618e-05;9.463628495638884e-05;5.268447223508155e-05;7.914393537942197e-05;0.00010879648808186744;0.00010933397703973954;5.9790067666123005e-05;
5.550997874162958e-05;5.817205085105736e-05;6.623208111152379e-05;4.540016403766915e-05;5.7523119686301354e-05;6.647547896464217e-05;5.9912343922311344e-05;5.1852660040528944e-05;4.39311978099327e-05;5.601756995912542e-05;6.78055014631928e-05;5.323617242345783e-05;4.790362525513078e-05;5.360391120127268e-05;4.5668794032339985e-05;7.648739193856156e-05;3.7426536346781336e-05;5.45329014934216e-05;5.863155686716938e-05;4.82901568821556e-05;5.3332461931537336e-05;4.069516166715294e-05;5.492734091121838e-05;4.57023820544442e-05;5.927992167088618e-05;0.00010441540276636893;5.443717480642785e-05;4.0495257713712795e-05;4.5768174904286834e-05;6.23672706889423e-05;6.892414772934238e-05;7.143521147038134e-05;
8.523955992756712e-05;8.990287589918488e-05;0.00012260910995143864;7.817457564824134e-05;9.643843719720078e-05;0.00010519718034249544;8.492727596721399e-05;8.789810015118793e-05;5.341135567866711e-05;7.859111861788353e-05;0.0001237860154936904;8.407328059020222e-05;7.346759874542475e-05;8.075369632742486e-05;6.42709356902079e-05;0.00012345583152028564;5.4563976913127554e-05;7.106707288677725e-05;8.382042212043655e-05;9.246162090611929e-05;7.859100087621538e-05;4.908863911925953e-05;7.878028654910479e-05;8.313850632315467e-05;9.463628495638884e-05;5.443717480642785e-05;0.0002355807832528459;4.708649130093613e-05;6.744689009765679e-05;9.948589721254104e-05;9.41443042654222e-05;5.516903639451752e-05;
4.9136799314185795e-05;4.9307168465725433e-05;5.388460650378947e-05;3.87019378613256e-05;5.5272119716316804e-05;4.931925493086033e-05;4.4812459240519735e-05;4.7710356266226415e-05;3.9657640386828143e-05;4.242807490036743e-05;5.9133078919824354e-05;5.848549063450444e-05;3.929844399006994e-05;4.1978267834652647e-05;4.118382624906669e-05;6.322827867335133e-05;3.613143154291562e-05;4.3697725711122345e-05;5.031887865895609e-05;4.950762056694162e-05;4.392489822217871e-05;4.111125683440998e-05;5.074886581156292e-05;5.120862863321834e-05;5.268447223508155e-05;4.0495257713712795e-05;4.708649130093613e-05;0.00010348116100957954;4.730214573408429e-05;5.595232951422685e-05;5.2017349570091854e-05;3.868850301816239e-05;
6.680978876916837e-05;7.170268758413211e-05;7.172579310539974e-05;6.356808932982746e-05;8.203898223301422e-05;7.866607365206183e-05;6.678587368747266e-05;6.09167163644891e-05;4.4388152790742267e-05;5.9586749360130434e-05;8.623560765005814e-05;7.002075521319859e-05;5.8346282722422005e-05;6.038961976228995e-05;5.624499054400929e-05;9.009866126898887e-05;4.639738320788658e-05;6.38003955959138e-05;7.07547503168117e-05;6.430442349355789e-05;6.86948161446371e-05;5.0814472230048995e-05;6.536198393510108e-05;7.649935844135707e-05;7.914393537942197e-05;4.5768174904286834e-05;6.744689009765679e-05;4.730214573408429e-05;0.0002693798865827517;7.803911808057302e-05;7.672741377331193e-05;4.5111212057645595e-05;
9.335713041472803e-05;0.00010209496690197572;0.00011007647283927765;7.665667088253737e-05;0.00011079429104759303;0.00011847147569070675;9.398024779821895e-05;9.469242987316603e-05;6.328504578499219e-05;8.817914754084304e-05;0.0001307082097837755;9.286792392130522e-05;7.514489629131657e-05;8.773670358975413e-05;6.419109525427864e-05;0.00013685133993649297;5.6489073948132307e-05;7.59001971266493e-05;9.308804453047959e-05;9.378587713502017e-05;8.268636530477618e-05;5.544191783082321e-05;9.263862126240346e-05;9.542328577813062e-05;0.00010879648808186744;6.23672706889423e-05;9.948589721254104e-05;5.595232951422685e-05;7.803911808057302e-05;0.00019067225990051305;0.00010797921701090265;6.455808697472945e-05;
9.495183506744201e-05;0.00010948280433384853;0.0001109724690423536;7.773408302261921e-05;0.0001088918149002471;0.00013820212616270176;0.00011105285082256699;0.00010121955622056244;6.342384579459601e-05;0.000101658274713986;0.0001410225485798588;8.923761327602018e-05;8.642048262051689e-05;9.456818392908329e-05;6.715149573814894e-05;0.0001496929714881878;6.013978329946665e-05;7.739836836464645e-05;9.177068659285346e-05;8.399783577037159e-05;8.728727402191712e-05;5.643431185877743e-05;9.048647128367823e-05;9.415097615680656e-05;0.00010933397703973954;6.892414772934238e-05;9.41443042654222e-05;5.2017349570091854e-05;7.672741377331193e-05;0.00010797921701090265;0.0001813096274629483;6.753613427998193e-05;
5.6115727980971e-05;5.7491539998259e-05;6.429189752875626e-05;4.521726935027141e-05;5.6506746238958164e-05;7.021329371722171e-05;6.080344174754569e-05;5.572166757558674e-05;4.3822581901451986e-05;5.906035455925288e-05;7.283140238155011e-05;5.336746350950656e-05;5.358640122898269e-05;5.7573023801375366e-05;4.3748555223056606e-05;7.875791507556985e-05;3.702475649407121e-05;5.2213204266404555e-05;5.723937463092592e-05;4.9265197396776764e-05;5.015131762655036e-05;4.159992931413504e-05;5.506455857720313e-05;5.17026620575109e-05;5.9790067666123005e-05;7.143521147038134e-05;5.516903639451752e-05;3.868850301816239e-05;4.5111212057645595e-05;6.455808697472945e-05;6.753613427998193e-05;9.413857024921402e-05;
