7.506510909411325e-05;7.757402146862649e-05;7.42849082197549e-05;8.770768475019066e-05;9.587638606770186e-05;0.00010290161944775277;7.66540356790254e-05;8.579113090726401e-05;3.868809532580624e-05;6.890850410912308e-05;9.923709755213683e-05;7.173035034877546e-05;7.458104812046407e-05;8.839440680195635e-05;5.4455317464044046e-05;8.971845774919037e-05;4.8042161422215227e-05;5.876622218800112e-05;9.165235277801819e-05;7.450450177318765e-05;5.664056572512956e-05;4.3718315822320326e-05;6.0941635368674826e-05;7.096251357752795e-05;7.556624490488252e-05;4.284649987037044e-05;8.344267323196512e-05;4.9325297877241956e-05;6.886833224355564e-05;6.557401662407421e-05;7.264080198145555e-05;4.8370309864698346e-05;
7.757402146862649e-05;0.0001531930789862517;6.815634246011796e-05;8.363355830602594e-05;9.006899007364088e-05;0.0001180768813957844;7.26259582004884e-05;8.890063564711244e-05;4.271196894611512e-05;6.842918005939383e-05;9.289835983576138e-05;7.081595129741656e-05;7.297461699341821e-05;9.802403195686249e-05;6.0637083919090856e-05;8.624069610877441e-05;4.321965350480205e-05;5.60113946830931e-05;8.603393137622157e-05;7.215617780906515e-05;5.56133373405466e-05;4.459766462488702e-05;6.459569306430628e-05;6.459685438754509e-05;8.229170877331956e-05;4.3005911913837085e-05;7.874833280239641e-05;4.541086372660166e-05;7.02173007734804e-05;5.8431177066279624e-05;8.584309808413649e-05;4.8057079359237644e-05;
7.42849082197549e-05;6.815634246011796e-05;0.00017359945013715303;7.507349538851977e-05;8.413352092010373e-05;0.00010032415470392065;6.42775331118366e-05;7.791021391947123e-05;3.4163051911821126e-05;5.4417403731900604e-05;0.0001131352949789008;6.908353039881856e-05;7.183715479346117e-05;7.887409999003378e-05;4.9572218155449095e-05;0.00010438204390770133;3.954443220380599e-05;5.875367817298448e-05;8.778692504678483e-05;7.43261611015726e-05;5.6743463919673634e-05;3.886321495831931e-05;5.835262929236956e-05;7.332325275423112e-05;7.439502464220635e-05;3.4933311894304064e-05;8.94688837265793e-05;4.161490972733826e-05;7.060239444128351e-05;6.268949789806366e-05;7.752832226727071e-05;4.1271723867215164e-05;
8.770768475019066e-05;8.363355830602594e-05;7.507349538851977e-05;0.0002489026475152152;0.0001064543036587267;0.00011563859834551802;7.300453260976287e-05;0.00011601606491691224;3.403501050384376e-05;6.905673166331023e-05;0.00010862887189871394;7.651195032456451e-05;8.211738258644823e-05;0.000125713826169517;5.2003668289916085e-05;9.132110902611656e-05;4.824656857992256e-05;5.6252405197111e-05;0.00013422695596891965;8.81676570059484e-05;5.792867338480721e-05;4.238052572717825e-05;5.357564651303916e-05;7.892894240061516e-05;8.253894272839032e-05;3.0268140090671843e-05;0.0001085225563599207;4.724072345775767e-05;7.748544683535673e-05;7.47874584235159e-05;8.313095698136661e-05;4.5166548332944243e-05;
9.587638606770186e-05;9.006899007364088e-05;8.413352092010373e-05;0.0001064543036587267;0.0002456375231153767;0.00013972673616631084;8.536330870557804e-05;9.792074543343576e-05;3.989762431165376e-05;7.65353948532697e-05;0.00011642483399373007;8.072776444205447e-05;8.204530585456127e-05;0.00010431926400162666;5.790261522053241e-05;0.00010531436748328173;4.7264009718688094e-05;5.931265657788569e-05;9.986280245264745e-05;8.656177374596033e-05;5.4432544045067945e-05;4.3819096225350796e-05;6.430805649935812e-05;7.66404265906448e-05;0.00010056554177283349;4.2592583653890566e-05;9.486171006074405e-05;5.4683761553536634e-05;6.955139082791591e-05;7.411106950784175e-05;8.55706788267382e-05;5.213041362476927e-05;
0.00010290161944775277;0.0001180768813957844;0.00010032415470392065;0.00011563859834551802;0.00013972673616631084;0.0002886934035036956;0.00012936070303599034;0.00011300097595661318;3.8114995062408246e-05;0.00011097721876741062;0.0001437056180327258;8.600334543708261e-05;9.653035737369135e-05;0.00012408809712354934;5.4432295632178504e-05;0.00012556162627643268;4.5690039663653395e-05;5.824220493667987e-05;0.00011723748731197657;8.837103623963804e-05;6.30829222441944e-05;4.166202221883307e-05;6.797203983060804e-05;7.385002542588642e-05;0.00010857326914632147;4.1149797079239135e-05;9.93364518865825e-05;4.5833926915784165e-05;7.628247295434101e-05;7.484964437815256e-05;0.0001126717354653692;6.170228729239013e-05;
7.66540356790254e-05;7.26259582004884e-05;6.42775331118366e-05;7.300453260976287e-05;8.536330870557804e-05;0.00012936070303599034;0.00020010418937246697;8.555445289126521e-05;3.752777340090852e-05;0.0001334456243649386;9.779619030530752e-05;6.123851952845472e-05;7.320280950522558e-05;8.266922686621318e-05;5.14623712037485e-05;9.520265276194266e-05;4.285886344644943e-05;5.798967106965042e-05;8.471510688594446e-05;5.792550408927243e-05;5.308191040203536e-05;4.298241444716339e-05;5.688841936627438e-05;6.238921156033636e-05;6.815594355225198e-05;4.88407812698497e-05;7.254038881377364e-05;3.825196111218152e-05;6.227930791170449e-05;5.592108799195119e-05;8.762929839789043e-05;5.557203377344662e-05;
8.579113090726401e-05;8.890063564711244e-05;7.791021391947123e-05;0.00011601606491691224;9.792074543343576e-05;0.00011300097595661318;8.555445289126521e-05;0.0001977753832227042;3.897448516821744e-05;7.827604826712434e-05;0.0001032744587403064;7.907705470384561e-05;9.261832369611166e-05;0.00012703570107796912;6.375677579049951e-05;9.781421358614822e-05;5.044576711760837e-05;6.925439787103082e-05;0.0001269043131254002;9.0485673020031e-05;6.626991652042024e-05;4.877231635332985e-05;6.225455550533678e-05;7.05890454806521e-05;8.522331351688897e-05;4.719085239826944e-05;0.00010062086497775677;5.784762142511962e-05;8.006170806064872e-05;7.8425006799989e-05;8.621119479266219e-05;5.65310349915111e-05;
3.868809532580624e-05;4.271196894611512e-05;3.4163051911821126e-05;3.403501050384376e-05;3.989762431165376e-05;3.8114995062408246e-05;3.752777340090852e-05;3.897448516821744e-05;8.526778832612615e-05;3.5114327613869575e-05;3.405487721330514e-05;3.6476739529936625e-05;3.94852111724346e-05;4.074228612795998e-05;3.844065348175773e-05;3.4807708340470806e-05;3.784609301817925e-05;4.04404047414521e-05;4.6183491689540863e-05;4.119778013826733e-05;3.307924342222865e-05;4.984638884416208e-05;4.3534596255257143e-05;3.127904419661343e-05;3.759282464766224e-05;4.2441973026173864e-05;3.923892622377523e-05;3.7805619716228e-05;3.835915266156049e-05;3.304348488567e-05;3.214256440022456e-05;3.536804566757578e-05;
6.890850410912308e-05;6.842918005939383e-05;5.4417403731900604e-05;6.905673166331023e-05;7.65353948532697e-05;0.00011097721876741062;0.0001334456243649386;7.827604826712434e-05;3.5114327613869575e-05;0.00014521062426103894;8.717907679514834e-05;5.559501318038971e-05;6.690427318013371e-05;8.07278034919736e-05;5.107918829921772e-05;8.500198479783811e-05;3.8163232599752204e-05;5.546863933463727e-05;7.116130613646102e-05;5.516247433127822e-05;5.2820668634455955e-05;4.1892138346027686e-05;5.2262462951083815e-05;5.402295567570181e-05;6.291857114272031e-05;4.177474469601133e-05;6.47237834864292e-05;3.761301277238634e-05;5.6142738194950926e-05;5.812945939465555e-05;7.724086618558444e-05;5.186825146434274e-05;
9.923709755213683e-05;9.289835983576138e-05;0.0001131352949789008;0.00010862887189871394;0.00011642483399373007;0.0001437056180327258;9.779619030530752e-05;0.0001032744587403064;3.405487721330514e-05;8.717907679514834e-05;0.00022648933115941068;8.60530549270052e-05;8.785541123863333e-05;0.00011038019014584805;5.6456486789443434e-05;0.00016684505561308406;4.8530334754521945e-05;6.953698918238137e-05;0.00011169755387437925;8.521916927873512e-05;6.490702196236394e-05;3.9871372126244415e-05;8.045981793351444e-05;8.33097916634533e-05;9.371060243131708e-05;4.271665420751234e-05;0.0001048047815386849;4.657376320178856e-05;9.17050956680914e-05;8.474209318620544e-05;0.00011004408910260053;5.889168356326859e-05;
7.173035034877546e-05;7.081595129741656e-05;6.908353039881856e-05;7.651195032456451e-05;8.072776444205447e-05;8.600334543708261e-05;6.123851952845472e-05;7.907705470384561e-05;3.6476739529936625e-05;5.559501318038971e-05;8.60530549270052e-05;0.00014094696619000322;6.62845592972471e-05;8.32660068613427e-05;4.7312890459128725e-05;7.990046841459203e-05;4.973717095855748e-05;4.859460955157239e-05;8.45587227041866e-05;8.91953157685127e-05;5.26974945635609e-05;4.06208608313435e-05;5.7198384657810483e-05;6.766788309990386e-05;6.762280499742242e-05;4.135491644058611e-05;8.372073016734291e-05;5.818472029358895e-05;7.392667180225738e-05;6.453984688455063e-05;5.9736956819975856e-05;4.64204421178531e-05;
7.458104812046407e-05;7.297461699341821e-05;7.183715479346117e-05;8.211738258644823e-05;8.204530585456127e-05;9.653035737369135e-05;7.320280950522558e-05;9.261832369611166e-05;3.94852111724346e-05;6.690427318013371e-05;8.785541123863333e-05;6.62845592972471e-05;0.00017395998475716148;9.021971358953479e-05;4.8275004212263026e-05;8.325213737983656e-05;4.0271433348328956e-05;5.994897750933217e-05;9.354087525005885e-05;6.627966012343566e-05;5.4378008075781445e-05;4.5127820379511045e-05;5.6923093492102396e-05;5.720002659516134e-05;8.124640154714043e-05;4.672232503695615e-05;7.942639386777866e-05;4.6435063149746505e-05;6.068049213035125e-05;6.15336787274345e-05;8.726867416817165e-05;5.263433705400607e-05;
8.839440680195635e-05;9.802403195686249e-05;7.887409999003378e-05;0.000125713826169517;0.00010431926400162666;0.00012408809712354934;8.266922686621318e-05;0.00012703570107796912;4.074228612795998e-05;8.07278034919736e-05;0.00011038019014584805;8.32660068613427e-05;9.021971358953479e-05;0.00026598185497071753;5.777693661330829e-05;9.81835359643296e-05;4.811664968609549e-05;6.221494261730418e-05;0.0001397412139572613;8.568538017439314e-05;6.193804442194479e-05;4.63736833128488e-05;6.267594484353919e-05;6.979940196504251e-05;8.547921606112907e-05;4.304771714978207e-05;9.992438370498594e-05;5.119358281651522e-05;7.926543320770963e-05;7.843162713619604e-05;6.950891577809746e-05;4.9402365566222434e-05;
5.4455317464044046e-05;6.0637083919090856e-05;4.9572218155449095e-05;5.2003668289916085e-05;5.790261522053241e-05;5.4432295632178504e-05;5.14623712037485e-05;6.375677579049951e-05;3.844065348175773e-05;5.107918829921772e-05;5.6456486789443434e-05;4.7312890459128725e-05;4.8275004212263026e-05;5.777693661330829e-05;0.00010665026269665043;5.573864103840672e-05;4.30213907960773e-05;6.715693337815755e-05;6.255140593002025e-05;5.047769946682276e-05;6.101843984202222e-05;4.388293649379157e-05;4.875426563740824e-05;5.4383181105651374e-05;4.989351915660239e-05;4.5045353127610364e-05;5.575428692962931e-05;4.1676361110083966e-05;6.08636293113202e-05;4.242137697721122e-05;4.072490040289451e-05;4.229311179995898e-05;
8.971845774919037e-05;8.624069610877441e-05;0.00010438204390770133;9.132110902611656e-05;0.00010531436748328173;0.00012556162627643268;9.520265276194266e-05;9.781421358614822e-05;3.4807708340470806e-05;8.500198479783811e-05;0.00016684505561308406;7.990046841459203e-05;8.325213737983656e-05;9.81835359643296e-05;5.573864103840672e-05;0.00017743200237424803;4.960380778753254e-05;6.618819275905519e-05;9.784359969990901e-05;7.946936148536246e-05;6.513501081200149e-05;3.918283583207039e-05;7.951476458581553e-05;7.546116353820601e-05;8.412954612890896e-05;4.3839812834280744e-05;9.121801348691053e-05;4.7020508840149277e-05;7.880635188182197e-05;8.081249219863113e-05;9.649820192048559e-05;5.303560754595604e-05;
4.8042161422215227e-05;4.321965350480205e-05;3.954443220380599e-05;4.824656857992256e-05;4.7264009718688094e-05;4.5690039663653395e-05;4.285886344644943e-05;5.044576711760837e-05;3.784609301817925e-05;3.8163232599752204e-05;4.8530334754521945e-05;4.973717095855748e-05;4.0271433348328956e-05;4.811664968609549e-05;4.30213907960773e-05;4.960380778753254e-05;0.0001104802230667533;4.333717933937459e-05;6.137787492044327e-05;4.9039492387315466e-05;3.7013261083013186e-05;3.846058435590706e-05;4.66191750073087e-05;4.388343084558111e-05;4.011250726133504e-05;3.728072071378457e-05;5.401491396257512e-05;4.0414261661679076e-05;4.3624278236291504e-05;4.1008837521057265e-05;3.5762391457899666e-05;3.108551591087531e-05;
5.876622218800112e-05;5.60113946830931e-05;5.875367817298448e-05;5.6252405197111e-05;5.931265657788569e-05;5.824220493667987e-05;5.798967106965042e-05;6.925439787103082e-05;4.04404047414521e-05;5.546863933463727e-05;6.953698918238137e-05;4.859460955157239e-05;5.994897750933217e-05;6.221494261730418e-05;6.715693337815755e-05;6.618819275905519e-05;4.333717933937459e-05;0.00015287549347284873;6.748574312561077e-05;5.2917835346278344e-05;8.188673004596306e-05;4.454588366915305e-05;5.268269991332581e-05;6.070435725856849e-05;5.218023360713776e-05;5.044529206299136e-05;6.288715800592083e-05;4.651030579532308e-05;6.160385593821156e-05;4.8169062533688154e-05;5.243408032677248e-05;4.7255130736192286e-05;
9.165235277801819e-05;8.603393137622157e-05;8.778692504678483e-05;0.00013422695596891965;9.986280245264745e-05;0.00011723748731197657;8.471510688594446e-05;0.0001269043131254002;4.6183491689540863e-05;7.116130613646102e-05;0.00011169755387437925;8.45587227041866e-05;9.354087525005885e-05;0.0001397412139572613;6.255140593002025e-05;9.784359969990901e-05;6.137787492044327e-05;6.748574312561077e-05;0.0002187564642360194;9.563243438283077e-05;6.684952468579764e-05;5.358581893740774e-05;6.730131365026303e-05;8.506019901975389e-05;8.623826997978664e-05;4.650246796190729e-05;0.0001273124238808674;5.241986034530617e-05;8.603748908808864e-05;7.566297038709824e-05;7.721963613500624e-05;4.7718708411929594e-05;
7.450450177318765e-05;7.215617780906515e-05;7.43261611015726e-05;8.81676570059484e-05;8.656177374596033e-05;8.837103623963804e-05;5.792550408927243e-05;9.0485673020031e-05;4.119778013826733e-05;5.516247433127822e-05;8.521916927873512e-05;8.91953157685127e-05;6.627966012343566e-05;8.568538017439314e-05;5.047769946682276e-05;7.946936148536246e-05;4.9039492387315466e-05;5.2917835346278344e-05;9.563243438283077e-05;0.00022649061049859038;5.180491290063832e-05;4.416757418665726e-05;5.5872273247659535e-05;6.613273523500498e-05;6.945643681526492e-05;3.8375580403139725e-05;8.814484935098185e-05;5.3740412766162664e-05;7.449621556226013e-05;7.162048239526311e-05;7.171223797787171e-05;4.5127944099319755e-05;
5.664056572512956e-05;5.56133373405466e-05;5.6743463919673634e-05;5.792867338480721e-05;5.4432544045067945e-05;6.30829222441944e-05;5.308191040203536e-05;6.626991652042024e-05;3.307924342222865e-05;5.2820668634455955e-05;6.490702196236394e-05;5.26974945635609e-05;5.4378008075781445e-05;6.193804442194479e-05;6.101843984202222e-05;6.513501081200149e-05;3.7013261083013186e-05;8.188673004596306e-05;6.684952468579764e-05;5.180491290063832e-05;0.00012863995482496665;3.573538987948781e-05;4.927887655295987e-05;7.02436569709278e-05;5.504101070972148e-05;4.0574430747715466e-05;6.281661921053193e-05;4.3387666006439665e-05;6.590223842489552e-05;4.946613453133757e-05;5.598534157537082e-05;4.1802357538234666e-05;
4.3718315822320326e-05;4.459766462488702e-05;3.886321495831931e-05;4.238052572717825e-05;4.3819096225350796e-05;4.166202221883307e-05;4.298241444716339e-05;4.877231635332985e-05;4.984638884416208e-05;4.1892138346027686e-05;3.9871372126244415e-05;4.06208608313435e-05;4.5127820379511045e-05;4.63736833128488e-05;4.388293649379157e-05;3.918283583207039e-05;3.846058435590706e-05;4.454588366915305e-05;5.358581893740774e-05;4.416757418665726e-05;3.573538987948781e-05;9.405424581222338e-05;4.319024781949208e-05;3.658958278086095e-05;4.135303736779552e-05;4.5216412315554226e-05;4.50180740722171e-05;4.467518914522793e-05;4.702377086273494e-05;3.9697045884483546e-05;3.886750894630461e-05;3.926919863909415e-05;
6.0941635368674826e-05;6.459569306430628e-05;5.835262929236956e-05;5.357564651303916e-05;6.430805649935812e-05;6.797203983060804e-05;5.688841936627438e-05;6.225455550533678e-05;4.3534596255257143e-05;5.2262462951083815e-05;8.045981793351444e-05;5.7198384657810483e-05;5.6923093492102396e-05;6.267594484353919e-05;4.875426563740824e-05;7.951476458581553e-05;4.66191750073087e-05;5.268269991332581e-05;6.730131365026303e-05;5.5872273247659535e-05;4.927887655295987e-05;4.319024781949208e-05;0.00011056959138930193;5.774308388817369e-05;6.13337437394508e-05;4.630938423085867e-05;6.107691838662442e-05;4.295022898335372e-05;5.7024950504413514e-05;5.3063192734979963e-05;5.9758718016771066e-05;4.642941578682064e-05;
7.096251357752795e-05;6.459685438754509e-05;7.332325275423112e-05;7.892894240061516e-05;7.66404265906448e-05;7.385002542588642e-05;6.238921156033636e-05;7.05890454806521e-05;3.127904419661343e-05;5.402295567570181e-05;8.33097916634533e-05;6.766788309990386e-05;5.720002659516134e-05;6.979940196504251e-05;5.4383181105651374e-05;7.546116353820601e-05;4.388343084558111e-05;6.070435725856849e-05;8.506019901975389e-05;6.613273523500498e-05;7.02436569709278e-05;3.658958278086095e-05;5.774308388817369e-05;0.00018574170553180424;6.225902596979154e-05;3.724141375451253e-05;7.519054273675403e-05;4.948717937168786e-05;8.213376435618153e-05;5.473450149385684e-05;5.940862858362392e-05;4.194413814624479e-05;
7.556624490488252e-05;8.229170877331956e-05;7.439502464220635e-05;8.253894272839032e-05;0.00010056554177283349;0.00010857326914632147;6.815594355225198e-05;8.522331351688897e-05;3.759282464766224e-05;6.291857114272031e-05;9.371060243131708e-05;6.762280499742242e-05;8.124640154714043e-05;8.547921606112907e-05;4.989351915660239e-05;8.412954612890896e-05;4.011250726133504e-05;5.218023360713776e-05;8.623826997978664e-05;6.945643681526492e-05;5.504101070972148e-05;4.135303736779552e-05;6.13337437394508e-05;6.225902596979154e-05;0.00014518888948912955;4.047160445717832e-05;8.119848762518795e-05;4.968995011362027e-05;6.875399945374672e-05;6.311088288821334e-05;8.04985671647034e-05;4.894703175720217e-05;
4.284649987037044e-05;4.3005911913837085e-05;3.4933311894304064e-05;3.0268140090671843e-05;4.2592583653890566e-05;4.1149797079239135e-05;4.88407812698497e-05;4.719085239826944e-05;4.2441973026173864e-05;4.177474469601133e-05;4.271665420751234e-05;4.135491644058611e-05;4.672232503695615e-05;4.304771714978207e-05;4.5045353127610364e-05;4.3839812834280744e-05;3.728072071378457e-05;5.044529206299136e-05;4.650246796190729e-05;3.8375580403139725e-05;4.0574430747715466e-05;4.5216412315554226e-05;4.630938423085867e-05;3.724141375451253e-05;4.047160445717832e-05;0.00011763638665814353;3.450494487386989e-05;4.406510887567497e-05;4.912594159664003e-05;4.168747955110829e-05;4.530645314282905e-05;7.888540335957964e-05;
8.344267323196512e-05;7.874833280239641e-05;8.94688837265793e-05;0.0001085225563599207;9.486171006074405e-05;9.93364518865825e-05;7.254038881377364e-05;0.00010062086497775677;3.923892622377523e-05;6.47237834864292e-05;0.0001048047815386849;8.372073016734291e-05;7.942639386777866e-05;9.992438370498594e-05;5.575428692962931e-05;9.121801348691053e-05;5.401491396257512e-05;6.288715800592083e-05;0.0001273124238808674;8.814484935098185e-05;6.281661921053193e-05;4.50180740722171e-05;6.107691838662442e-05;7.519054273675403e-05;8.119848762518795e-05;3.450494487386989e-05;0.00017240844590105816;4.678510314037472e-05;7.247907501209936e-05;7.177524501150452e-05;6.78263245551385e-05;4.070275481819535e-05;
4.9325297877241956e-05;4.541086372660166e-05;4.161490972733826e-05;4.724072345775767e-05;5.4683761553536634e-05;4.5833926915784165e-05;3.825196111218152e-05;5.784762142511962e-05;3.7805619716228e-05;3.761301277238634e-05;4.657376320178856e-05;5.818472029358895e-05;4.6435063149746505e-05;5.119358281651522e-05;4.1676361110083966e-05;4.7020508840149277e-05;4.0414261661679076e-05;4.651030579532308e-05;5.241986034530617e-05;5.3740412766162664e-05;4.3387666006439665e-05;4.467518914522793e-05;4.295022898335372e-05;4.948717937168786e-05;4.968995011362027e-05;4.406510887567497e-05;4.678510314037472e-05;0.00015601123967703777;6.568112995654303e-05;4.2463966332176776e-05;3.466152233461387e-05;4.446919185004705e-05;
6.886833224355564e-05;7.02173007734804e-05;7.060239444128351e-05;7.748544683535673e-05;6.955139082791591e-05;7.628247295434101e-05;6.227930791170449e-05;8.006170806064872e-05;3.835915266156049e-05;5.6142738194950926e-05;9.17050956680914e-05;7.392667180225738e-05;6.068049213035125e-05;7.926543320770963e-05;6.08636293113202e-05;7.880635188182197e-05;4.3624278236291504e-05;6.160385593821156e-05;8.603748908808864e-05;7.449621556226013e-05;6.590223842489552e-05;4.702377086273494e-05;5.7024950504413514e-05;8.213376435618153e-05;6.875399945374672e-05;4.912594159664003e-05;7.247907501209936e-05;6.568112995654303e-05;0.00024989372738160227;6.496681923940513e-05;8.014357238814416e-05;5.0881999610659874e-05;
6.557401662407421e-05;5.8431177066279624e-05;6.268949789806366e-05;7.47874584235159e-05;7.411106950784175e-05;7.484964437815256e-05;5.592108799195119e-05;7.8425006799989e-05;3.304348488567e-05;5.812945939465555e-05;8.474209318620544e-05;6.453984688455063e-05;6.15336787274345e-05;7.843162713619604e-05;4.242137697721122e-05;8.081249219863113e-05;4.1008837521057265e-05;4.8169062533688154e-05;7.566297038709824e-05;7.162048239526311e-05;4.946613453133757e-05;3.9697045884483546e-05;5.3063192734979963e-05;5.473450149385684e-05;6.311088288821334e-05;4.168747955110829e-05;7.177524501150452e-05;4.2463966332176776e-05;6.496681923940513e-05;0.0001542092995998983;6.362252625799155e-05;5.069649441658097e-05;
7.264080198145555e-05;8.584309808413649e-05;7.752832226727071e-05;8.313095698136661e-05;8.55706788267382e-05;0.0001126717354653692;8.762929839789043e-05;8.621119479266219e-05;3.214256440022456e-05;7.724086618558444e-05;0.00011004408910260053;5.9736956819975856e-05;8.726867416817165e-05;6.950891577809746e-05;4.072490040289451e-05;9.649820192048559e-05;3.5762391457899666e-05;5.243408032677248e-05;7.721963613500624e-05;7.171223797787171e-05;5.598534157537082e-05;3.886750894630461e-05;5.9758718016771066e-05;5.940862858362392e-05;8.04985671647034e-05;4.530645314282905e-05;6.78263245551385e-05;3.466152233461387e-05;8.014357238814416e-05;6.362252625799155e-05;0.00033250830556125644;6.004957751107836e-05;
4.8370309864698346e-05;4.8057079359237644e-05;4.1271723867215164e-05;4.5166548332944243e-05;5.213041362476927e-05;6.170228729239013e-05;5.557203377344662e-05;5.65310349915111e-05;3.536804566757578e-05;5.186825146434274e-05;5.889168356326859e-05;4.64204421178531e-05;5.263433705400607e-05;4.9402365566222434e-05;4.229311179995898e-05;5.303560754595604e-05;3.108551591087531e-05;4.7255130736192286e-05;4.7718708411929594e-05;4.5127944099319755e-05;4.1802357538234666e-05;3.926919863909415e-05;4.642941578682064e-05;4.194413814624479e-05;4.894703175720217e-05;7.888540335957964e-05;4.070275481819535e-05;4.446919185004705e-05;5.0881999610659874e-05;5.069649441658097e-05;6.004957751107836e-05;0.00012992948420327262;
